1.000000000000000000e+00 -1.954769999999999897e+00 0.000000000000000000e+00 0.000000000000000000e+00 0.000000000000000000e+00 0.000000000000000000e+00 0.000000000000000000e+00
2.000000000000000000e+00 -1.854770000000000252e+00 0.000000000000000000e+00 0.000000000000000000e+00 0.000000000000000000e+00 0.000000000000000000e+00 0.000000000000000000e+00
3.000000000000000000e+00 -1.754770000000000163e+00 0.000000000000000000e+00 0.000000000000000000e+00 0.000000000000000000e+00 0.000000000000000000e+00 0.000000000000000000e+00
4.000000000000000000e+00 -1.654770000000000074e+00 0.000000000000000000e+00 0.000000000000000000e+00 0.000000000000000000e+00 0.000000000000000000e+00 0.000000000000000000e+00
5.000000000000000000e+00 -1.554769999999999985e+00 0.000000000000000000e+00 0.000000000000000000e+00 0.000000000000000000e+00 0.000000000000000000e+00 0.000000000000000000e+00
6.000000000000000000e+00 -1.454769999999999897e+00 0.000000000000000000e+00 0.000000000000000000e+00 0.000000000000000000e+00 0.000000000000000000e+00 0.000000000000000000e+00
7.000000000000000000e+00 -1.354770000000000252e+00 0.000000000000000000e+00 0.000000000000000000e+00 0.000000000000000000e+00 0.000000000000000000e+00 0.000000000000000000e+00
8.000000000000000000e+00 -1.254770000000000163e+00 0.000000000000000000e+00 0.000000000000000000e+00 0.000000000000000000e+00 0.000000000000000000e+00 0.000000000000000000e+00
9.000000000000000000e+00 -1.154770000000000074e+00 0.000000000000000000e+00 0.000000000000000000e+00 0.000000000000000000e+00 0.000000000000000000e+00 0.000000000000000000e+00
1.000000000000000000e+01 -1.054769999999999985e+00 0.000000000000000000e+00 0.000000000000000000e+00 0.000000000000000000e+00 0.000000000000000000e+00 0.000000000000000000e+00
1.100000000000000000e+01 -9.547699999999998965e-01 0.000000000000000000e+00 0.000000000000000000e+00 0.000000000000000000e+00 0.000000000000000000e+00 0.000000000000000000e+00
1.200000000000000000e+01 -8.547700000000002518e-01 0.000000000000000000e+00 0.000000000000000000e+00 0.000000000000000000e+00 0.000000000000000000e+00 0.000000000000000000e+00
1.300000000000000000e+01 -7.547700000000001630e-01 0.000000000000000000e+00 0.000000000000000000e+00 0.000000000000000000e+00 0.000000000000000000e+00 0.000000000000000000e+00
1.400000000000000000e+01 -6.547700000000000742e-01 0.000000000000000000e+00 0.000000000000000000e+00 0.000000000000000000e+00 0.000000000000000000e+00 0.000000000000000000e+00
1.500000000000000000e+01 -5.547699999999999854e-01 0.000000000000000000e+00 0.000000000000000000e+00 0.000000000000000000e+00 0.000000000000000000e+00 0.000000000000000000e+00
1.600000000000000000e+01 -4.547699999999998965e-01 0.000000000000000000e+00 0.000000000000000000e+00 0.000000000000000000e+00 0.000000000000000000e+00 0.000000000000000000e+00
1.700000000000000000e+01 -3.547700000000002518e-01 0.000000000000000000e+00 0.000000000000000000e+00 0.000000000000000000e+00 0.000000000000000000e+00 0.000000000000000000e+00
1.800000000000000000e+01 -2.547700000000001630e-01 0.000000000000000000e+00 0.000000000000000000e+00 0.000000000000000000e+00 0.000000000000000000e+00 0.000000000000000000e+00
1.900000000000000000e+01 -1.547700000000000742e-01 0.000000000000000000e+00 0.000000000000000000e+00 0.000000000000000000e+00 0.000000000000000000e+00 0.000000000000000000e+00
2.000000000000000000e+01 -5.476999999999998536e-02 0.000000000000000000e+00 0.000000000000000000e+00 0.000000000000000000e+00 0.000000000000000000e+00 0.000000000000000000e+00
2.100000000000000000e+01 4.522999999999988141e-02 0.000000000000000000e+00 0.000000000000000000e+00 0.000000000000000000e+00 0.000000000000000000e+00 0.000000000000000000e+00
2.200000000000000000e+01 1.452299999999999702e-01 0.000000000000000000e+00 0.000000000000000000e+00 0.000000000000000000e+00 0.000000000000000000e+00 0.000000000000000000e+00
2.300000000000000000e+01 2.452299999999998370e-01 0.000000000000000000e+00 0.000000000000000000e+00 0.000000000000000000e+00 0.000000000000000000e+00 0.000000000000000000e+00
2.400000000000000000e+01 3.452299999999999258e-01 0.000000000000000000e+00 0.000000000000000000e+00 0.000000000000000000e+00 0.000000000000000000e+00 0.000000000000000000e+00
2.500000000000000000e+01 4.452300000000000146e-01 0.000000000000000000e+00 0.000000000000000000e+00 0.000000000000000000e+00 0.000000000000000000e+00 0.000000000000000000e+00
2.600000000000000000e+01 5.452299999999998814e-01 0.000000000000000000e+00 0.000000000000000000e+00 0.000000000000000000e+00 0.000000000000000000e+00 0.000000000000000000e+00
2.700000000000000000e+01 6.452299999999999702e-01 2.147000000000000575e-01 -3.860129000000093904e-04 7.429064699999999785e-03 2.881287267265399410e-01 3.493964150000000157e-01
2.800000000000000000e+01 7.452299999999998370e-01 2.350050000000000239e+01 1.830644869999999971e-03 8.131660900000002856e-01 1.773394740566800110e+01 1.860102750000001276e-02
2.900000000000000000e+01 8.452299999999999258e-01 7.009329999999998506e+01 1.150333800000000184e-03 2.425373299999999510e+00 3.279939380338000632e+01 -4.604365899999992955e-03
3.000000000000000000e+01 9.452299999999999036e-01 3.702959999999999496e+01 8.710865400000002015e-04 1.281301000000000245e+00 8.919535661171000385e+00 -2.233487750000002006e-02
3.100000000000000000e+01 1.045229999999999881e+00 6.646100000000000563e+00 -1.591525125000001770e-03 2.299688199999999350e-01 5.276760210301003617e-01 -4.165476400000000384e-02
3.200000000000000000e+01 1.145229999999999970e+00 7.856999999999999540e-01 -2.957942799999998401e-03 2.718684999999998464e-02 1.434582951920701163e-02 1.123983499999999941e-01
3.300000000000000000e+01 1.245229999999999837e+00 1.453000000000000680e-01 -3.398905699999999613e-02 5.027681799999999396e-03 9.718831991689652616e-02 8.413015599999998928e-01
3.400000000000000000e+01 1.345229999999999926e+00 1.352030000000000598e+01 3.653580520000000980e-03 4.678303999999999796e-01 1.371090500604399232e+01 1.828119000000010203e-03
3.500000000000000000e+01 1.445230000000000015e+00 6.884260000000001867e+01 2.096100860000000947e-03 2.382096799999999792e+00 1.678467379664300907e+01 1.726016309999998596e-02
3.600000000000000000e+01 1.545229999999999881e+00 5.768100000000001160e+01 2.919571861999997568e-03 1.995881900000000542e+00 -8.192056973466998571e+00 3.356302180000000218e-02
3.700000000000000000e+01 1.645229999999999970e+00 3.992160000000001929e+01 3.181464432000001476e-03 1.381370199999999437e+00 -8.797942605336997346e+00 -2.891151189999999899e-02
3.800000000000000000e+01 1.745229999999999837e+00 2.995099999999998985e+01 2.703188332900000566e-03 1.036367239999999912e+00 -8.673894192956396409e+00 -8.481520249999997818e-02
3.900000000000000000e+01 1.845229599999999914e+00 1.885560000000000258e+01 2.107347449999999803e-03 6.524428699999998971e-01 -5.948427091191797800e+00 3.134225214999999259e-02
4.000000000000000000e+01 1.945229600000000003e+00 1.338740000000000308e+01 5.297874469000001321e-03 4.632318799999999293e-01 -3.657858129234597744e+00 3.477223540000000390e-02
4.100000000000000000e+01 2.045230000000000103e+00 1.161590000000000167e+01 4.013642771000000380e-03 4.019342600000001542e-01 -2.563636076922301221e+00 3.785880700000000126e-02
4.200000000000000000e+01 2.145229999999999748e+00 1.170660000000000167e+01 8.428155589999999919e-03 4.050726799999997962e-01 -1.512419949027500099e+00 -5.747493799999998237e-02
4.300000000000000000e+01 2.245229999999999837e+00 1.674859999999999971e+01 1.251612800000000743e-03 5.795364300000002133e-01 -8.470997110166837707e-02 -1.457036746000000410e-02
4.400000000000000000e+01 2.345229999999999926e+00 2.812750000000000483e+01 3.835377889999999537e-03 9.732698899999995268e-01 9.646525060864696854e-01 3.925346849999999249e-02
4.500000000000000000e+01 2.445230000000000015e+00 3.637700000000000955e+01 6.358138750000002365e-03 1.258719699999999664e+00 1.481874683403990034e-01 9.524609160000004418e-03
4.600000000000000000e+01 2.545230000000000103e+00 3.463300000000000978e+01 6.443028010000000777e-03 1.198373899999999770e+00 -8.728166518098993132e-01 -2.789733999999996624e-04
4.700000000000000000e+01 2.645229999999999748e+00 2.781060000000000443e+01 4.662496048999999719e-03 9.623045799999997429e-01 -9.966907183397799574e-01 -2.147404729000000623e-02
4.800000000000000000e+01 2.745229999999999837e+00 2.138000000000000966e+01 7.753973465999998080e-03 7.397924000000000166e-01 -6.809261258508699788e-01 1.642199799999998974e-03
4.900000000000000000e+01 2.845229999999999926e+00 1.741789999999999949e+01 3.763752050000000651e-03 6.026955400000000296e-01 -2.621014491794471102e-01 2.313657982999999321e-02
5.000000000000000000e+01 2.945230000000000015e+00 1.579830000000000112e+01 2.609740719999999008e-03 5.466539899999999230e-01 1.606028707324434757e-01 1.142902300000001514e-03
5.100000000000000000e+01 3.045230000000000103e+00 1.625010000000000332e+01 6.656194799999988389e-04 5.622872499999996831e-01 6.172167552042597816e-01 1.876079700000001654e-02
5.200000000000000000e+01 3.145229999999999748e+00 1.849110000000000298e+01 7.229248599999999088e-03 6.398305100000000190e-01 1.093198072851599756e+00 -2.532038179999999278e-02
5.300000000000000000e+01 3.245229999999999837e+00 2.212529999999999575e+01 7.055279280000004323e-03 7.655813000000002422e-01 1.560224335696399400e+00 5.838657900000013452e-03
5.400000000000000000e+01 3.345229999999999926e+00 2.564850000000000207e+01 3.480744499999999329e-03 8.874913399999997399e-01 1.625083980365300329e+00 -3.610574980000000322e-02
5.500000000000000000e+01 3.445230000000000015e+00 2.716080000000000894e+01 5.259854559999998201e-03 9.398200699999996743e-01 1.246859991524399858e+00 4.552803169999999899e-02
5.600000000000000000e+01 3.545230000000000103e+00 2.588110000000001065e+01 5.210417000000003643e-03 8.955398200000002085e-01 7.492768134835202654e-01 -6.206721799999992580e-03
5.700000000000000000e+01 3.645229999999999748e+00 2.333729999999998483e+01 3.449911860000000417e-03 8.075190199999998653e-01 4.855683292150803076e-01 -5.341942019999999097e-02
5.800000000000000000e+01 3.745229999999999837e+00 2.092159999999999798e+01 1.234937999999999878e-03 7.239307599999996734e-01 4.265562788756100399e-01 -3.137482660000000950e-02
5.900000000000000000e+01 3.845229999999999926e+00 1.932339999999999591e+01 6.797807280000000077e-03 6.686297699999996791e-01 5.507391115357099798e-01 3.533319230000001726e-02
6.000000000000000000e+01 3.945230000000000015e+00 1.892279999999999873e+01 2.106973219999999820e-03 6.547681600000001545e-01 7.707868153088203167e-01 4.308173600000002323e-02
6.100000000000000000e+01 4.045230000000000103e+00 1.958220000000000383e+01 6.004453209999999902e-03 6.775847199999998072e-01 1.023754110262999673e+00 2.222111491999998953e-02
6.200000000000000000e+01 4.145229999999999748e+00 2.098269999999998703e+01 1.231358900000000629e-03 7.260449899999997792e-01 1.203683197138900374e+00 -4.390484799999993387e-03
6.300000000000000000e+01 4.245229999999999393e+00 2.256939999999999458e+01 6.169155900000000692e-03 7.809480800000000444e-01 1.314778261857299846e+00 3.783258409999999943e-03
6.400000000000000000e+01 4.345229999999999926e+00 2.361970000000000169e+01 2.810651553000000774e-03 8.172906499999998964e-01 1.228731110306300334e+00 1.341505060000000062e-02
6.500000000000000000e+01 4.445230000000000459e+00 2.374549999999999272e+01 8.350526870000001337e-03 8.216435699999999898e-01 1.071392894776299620e+00 1.003577588000000194e-02
6.600000000000000000e+01 4.545230000000000103e+00 2.311520000000000863e+01 3.484053129999999457e-03 7.998338700000001689e-01 9.016256952082101206e-01 -3.691633770000000286e-02
6.700000000000000000e+01 4.645229999999999748e+00 2.206809999999999405e+01 6.174523006000000314e-03 7.636020800000001829e-01 8.020512849442897885e-01 4.454688999999958867e-04
6.800000000000000000e+01 4.745229999999999393e+00 2.110390000000000299e+01 6.201904530000001622e-03 7.302387699999997039e-01 7.616054472752302740e-01 -2.734812110000000088e-02
6.900000000000000000e+01 4.845229999999999926e+00 2.053009999999999735e+01 6.781046589999998285e-03 7.103841100000001241e-01 8.444102511822897394e-01 2.455604480000000284e-02
7.000000000000000000e+01 4.945230000000000459e+00 2.061599999999999611e+01 -4.579875299999994318e-04 7.133563899999997293e-01 9.617695073349000756e-01 2.336386600000000049e-02
7.100000000000000000e+01 5.045230000000000103e+00 2.098279999999999745e+01 1.396818961000000688e-03 7.260484300000000779e-01 1.042774176892999893e+00 -3.108954940000000639e-02
7.200000000000000000e+01 5.145229999999999748e+00 2.157499999999999574e+01 3.952830019999999112e-03 7.465397799999996531e-01 1.094075459620199808e+00 3.165397590000000594e-02
7.300000000000000000e+01 5.245229999999999393e+00 2.232390000000000896e+01 1.951927294000000129e-03 7.724533199999996658e-01 1.122826419584399771e+00 1.999974090000000357e-02
7.400000000000000000e+01 5.345229999999999926e+00 2.252539999999999409e+01 6.483313000000040971e-05 7.794256000000006068e-01 1.071561850971999963e+00 4.407545869999997951e-02
7.500000000000000000e+01 5.445230000000000459e+00 2.249469999999999459e+01 7.763112669999997287e-03 7.783633399999998481e-01 1.022883329305789957e+00 -8.179513999999997106e-03
7.600000000000000000e+01 5.545230000000000103e+00 2.215459999999999496e+01 1.996478256999999288e-03 7.665951700000001034e-01 9.658296070801601907e-01 -4.951917889999998823e-02
7.700000000000000000e+01 5.645229999999999748e+00 2.165539999999998599e+01 1.682323560000000039e-03 7.493217999999997048e-01 9.110191818365600547e-01 2.602195700999999917e-02
7.800000000000000000e+01 5.745229999999999393e+00 2.142010000000000502e+01 7.349509231999999670e-03 7.411799099999997198e-01 9.143678555528497176e-01 -1.978004209999999902e-02
7.900000000000000000e+01 5.845229999999999926e+00 2.109849999999998715e+01 2.745687829999999413e-03 7.300518999999998648e-01 9.471678390769997513e-01 3.749676519999999708e-02
8.000000000000000000e+01 5.945229999999999571e+00 2.127339999999999165e+01 4.549531299999993918e-04 7.361038400000002868e-01 9.923483366530202465e-01 -8.889902846000000136e-02
8.100000000000000000e+01 6.045230000000000103e+00 2.151520000000000366e+01 -2.036147699999999675e-03 7.444705700000002757e-01 1.022608658678599847e+00 -3.476051000000009075e-03
8.200000000000000000e+01 6.145229999999999748e+00 2.178620000000001156e+01 1.162352335000000573e-03 7.538478099999997850e-01 1.020989166743599741e+00 -5.095242868000000869e-02
8.300000000000000000e+01 6.245230000000000281e+00 2.200830000000000908e+01 1.814474969999999542e-03 7.615328899999996848e-01 1.059535694348359369e+00 2.640383150000000234e-02
8.400000000000000000e+01 6.345229999999999926e+00 2.208199999999999363e+01 -5.645909219999993654e-04 7.640830399999998246e-01 1.030106517671659505e+00 1.240215800000001815e-03
8.500000000000000000e+01 6.445229999999999571e+00 2.206469999999999843e+01 3.446769509999999398e-03 7.634844299999998807e-01 9.923943869088204250e-01 2.455062550000000621e-02
8.600000000000000000e+01 6.545230000000000103e+00 2.184580000000000410e+01 3.838519899999993999e-04 7.559100600000003833e-01 9.541611588882703554e-01 -1.452798600000003611e-03
8.700000000000000000e+01 6.645229999999999748e+00 2.163600000000000989e+01 1.383910949999998721e-03 7.486505199999997640e-01 9.470107164611303308e-01 1.717929269999997691e-02
8.800000000000000000e+01 6.745230000000000281e+00 2.156000000000000583e+01 -2.214177699999995638e-04 7.460207500000000103e-01 9.536599383810998587e-01 -3.712375110000001865e-02
8.900000000000000000e+01 6.845229999999999926e+00 2.147169999999999490e+01 4.042603683000000822e-03 7.429653400000000296e-01 9.961992076654996309e-01 6.796525299999989569e-03
9.000000000000000000e+01 6.945229999999999571e+00 2.166649999999999565e+01 2.816733959999997983e-03 7.497058699999997744e-01 1.017163892371560685e+00 2.091263810000000556e-02
9.100000000000000000e+01 7.045230000000000103e+00 2.161229999999999052e+01 3.736837939999999511e-03 7.478305000000001757e-01 1.002869409984439963e+00 1.073870272000001375e-02
9.200000000000000000e+01 7.145229999999999748e+00 2.181869999999999976e+01 1.613077859999999470e-03 7.549723699999999482e-01 1.018606944001100301e+00 3.335059699999984653e-03
9.300000000000000000e+01 7.245230000000000281e+00 2.176520000000000366e+01 -2.248083459000000013e-03 7.531211499999997949e-01 9.967559920146996655e-01 -2.515658200000000545e-03
9.400000000000000000e+01 7.345229999999999926e+00 2.179099999999999326e+01 -2.197007118999999911e-03 7.540138300000003291e-01 1.003127779881900050e+00 -2.720343626999999209e-02
9.500000000000000000e+01 7.445229999999999571e+00 2.181459999999999155e+01 2.856975128000002837e-03 7.548304199999997799e-01 9.698041990760992714e-01 4.889699129999998395e-02
9.600000000000000000e+01 7.545230000000000103e+00 2.183300000000000196e+01 -3.940680688000003547e-03 7.554671500000003093e-01 9.847356830334600408e-01 2.956082449999999917e-02
9.700000000000000000e+01 7.645229999999999748e+00 2.165500000000000469e+01 -2.571277851000000787e-03 7.493079599999999951e-01 9.726092520036796474e-01 4.485425700000004491e-03
9.800000000000000000e+01 7.745230000000000281e+00 2.157969999999999899e+01 -1.572915719999999542e-03 7.467024399999999673e-01 9.813213060383202402e-01 2.520482200000001474e-03
9.900000000000000000e+01 7.845229999999999926e+00 2.167320000000000135e+01 2.669409690000001337e-03 7.499376999999999294e-01 1.004925598852300483e+00 -2.600904029999999423e-02
1.000000000000000000e+02 7.945229999999999571e+00 2.167529999999999646e+01 -2.342151039999999622e-03 7.500103599999996540e-01 1.008229234652900486e+00 -1.435635209999999544e-02
1.010000000000000000e+02 8.045230000000000103e+00 2.171720000000001249e+01 -1.823886769999999999e-03 7.514602099999996287e-01 1.007091318094759824e+00 1.419958490000000108e-02
1.020000000000000000e+02 8.145229999999999748e+00 2.179389999999999716e+01 -1.392321500000000571e-03 7.541141599999999778e-01 1.003357022778900154e+00 5.011686430000000109e-02
1.030000000000000000e+02 8.245229999999999393e+00 2.181380000000000052e+01 1.334433132000000443e-03 7.548027899999999457e-01 9.961983756656400679e-01 -6.262776530000001285e-02
1.040000000000000000e+02 8.345230000000000814e+00 2.181000000000000583e+01 -3.047855700000001245e-04 7.546712900000003277e-01 9.882111140130003246e-01 6.901487099999996551e-03
1.050000000000000000e+02 8.445229999999998682e+00 2.175300000000000722e+01 -5.771320289999997896e-03 7.526989399999999275e-01 1.010502155834700266e+00 -1.614990749999999434e-02
1.060000000000000000e+02 8.545230000000000103e+00 2.173190000000000666e+01 -1.632190863999999310e-03 7.519688699999995674e-01 9.852376857794200582e-01 -5.740529930000001085e-02
1.070000000000000000e+02 8.645229999999999748e+00 2.173809999999999576e+01 -1.639730050000001368e-03 7.521834099999999967e-01 1.000015316527100184e+00 1.101606800000004592e-03
1.080000000000000000e+02 8.745229999999999393e+00 2.162110000000000198e+01 -3.263510740000000361e-03 7.481349199999998145e-01 9.996482750084895175e-01 1.587073229999998863e-02
1.090000000000000000e+02 8.845230000000000814e+00 2.166420000000000101e+01 -4.232101700000009828e-04 7.496262599999998777e-01 9.847814062043798167e-01 5.164315469999999908e-02
1.100000000000000000e+02 8.945229999999998682e+00 2.167640000000000811e+01 -5.702380000000215258e-06 7.500484400000000385e-01 9.869189084830799485e-01 -1.417581000000000570e-02
1.110000000000000000e+02 9.045230000000000103e+00 2.169539999999999580e+01 -3.964774649999999907e-03 7.507058899999999868e-01 1.013086797007399342e+00 5.206917319999997823e-02
1.120000000000000000e+02 9.145229999999999748e+00 2.177529999999999788e+01 -4.966132379999999187e-03 7.534705800000003340e-01 1.020651180779299505e+00 -3.585641739999999994e-02
1.130000000000000000e+02 9.245229999999999393e+00 2.175849999999999795e+01 -5.558069119999997469e-03 7.528892700000000548e-01 9.825596708022997783e-01 -1.709445399999995341e-03
1.140000000000000000e+02 9.345230000000000814e+00 2.180159999999999698e+01 -5.992954019999999042e-03 7.543806200000001683e-01 9.793164538674301589e-01 1.269052973000000910e-02
1.150000000000000000e+02 9.445229999999998682e+00 2.175379999999998759e+01 -2.534678300000004283e-04 7.527266400000003355e-01 1.006122451205980095e+00 1.291959499999999726e-02
1.160000000000000000e+02 9.545230000000000103e+00 2.173230000000000572e+01 -5.299301980000000606e-03 7.519827199999997713e-01 9.995000564232998652e-01 3.624005440000000605e-02
1.170000000000000000e+02 9.645229999999999748e+00 2.172020000000000550e+01 -5.965974275000000826e-03 7.515640199999998883e-01 9.751044977080399745e-01 -7.687222999999999973e-02
1.180000000000000000e+02 9.745229999999999393e+00 2.167339999999999733e+01 -5.417773460000000624e-03 7.499446499999997684e-01 9.708029595177499749e-01 -2.373414100000001414e-02
1.190000000000000000e+02 9.845230000000000814e+00 2.175619999999999266e+01 -7.188230210000000342e-03 7.528097299999998437e-01 1.003506262682100303e+00 -4.420479399999999864e-02
1.200000000000000000e+02 9.945230000000000459e+00 2.169299999999999429e+01 -3.887474667000000075e-03 7.506228700000001641e-01 1.008328980111119932e+00 4.640695539999999120e-02
1.210000000000000000e+02 1.004523000000000010e+01 2.174460000000000193e+01 -2.241358649999998856e-03 7.524083100000001911e-01 9.985840396154004317e-01 -1.419739540000000341e-02
1.220000000000000000e+02 1.014522999999999975e+01 2.164669999999999916e+01 -6.746677680000002890e-03 7.490207699999998914e-01 9.930726584174399685e-01 4.600995369999996698e-02
1.230000000000000000e+02 1.024522999999999939e+01 2.187429999999999808e+01 -8.620282420000000001e-03 7.568962100000000692e-01 9.955672808626999659e-01 -5.549473200000001015e-03
1.240000000000000000e+02 1.034523000000000081e+01 2.173359999999999559e+01 -3.929969500000000016e-04 7.520276999999997436e-01 1.010263578420540043e+00 -1.109618230000000011e-02
1.250000000000000000e+02 1.044523000000000046e+01 2.168449999999999278e+01 -2.100345500000000594e-03 7.503287399999998275e-01 1.011561414686500404e+00 -2.004804099999999561e-02
1.260000000000000000e+02 1.054523000000000010e+01 2.166129999999999711e+01 -2.319808159999999821e-03 7.495259699999999858e-01 9.933220436331001713e-01 7.693341169999996787e-02
1.270000000000000000e+02 1.064522999999999975e+01 2.169649999999999679e+01 -1.445914932999999491e-03 7.507439400000001095e-01 9.835983879761998061e-01 5.903687300000007819e-03
1.280000000000000000e+02 1.074522999999999939e+01 2.175869999999999393e+01 -3.729274090000000378e-03 7.528961600000001475e-01 1.020021966692300275e+00 -4.940900559999999997e-02
1.290000000000000000e+02 1.084523000000000081e+01 2.171019999999998618e+01 -6.303886079999998678e-03 7.512180000000003854e-01 1.001965709743300126e+00 7.774302800000000568e-03
1.300000000000000000e+02 1.094523000000000046e+01 2.177819999999998757e+01 -2.305641780000000553e-03 7.535709500000002947e-01 9.877705817964204105e-01 5.349157199999998724e-02
1.310000000000000000e+02 1.104523000000000010e+01 2.171339999999999293e+01 -2.076217119999999514e-03 7.513286899999997992e-01 9.871191312172200583e-01 -5.533354058999999381e-02
1.320000000000000000e+02 1.114522999999999975e+01 2.171610000000000440e+01 7.449668300000009211e-04 7.514222299999998578e-01 9.939792519238404012e-01 -3.281103999999999271e-02
1.330000000000000000e+02 1.124522999999999939e+01 2.173599999999999355e+01 -2.010885499999999319e-03 7.521107600000002114e-01 1.006690837003499484e+00 -4.351955479999999182e-02
1.340000000000000000e+02 1.134523000000000081e+01 2.164119999999999067e+01 -1.548301760000000407e-03 7.488304699999998038e-01 9.719030300587502280e-01 3.826029000000000235e-02
1.350000000000000000e+02 1.144523000000000046e+01 2.170159999999999911e+01 -7.096259820000000787e-03 7.509204200000003659e-01 1.006967798163999950e+00 2.275451970000000670e-02
1.360000000000000000e+02 1.154523000000000010e+01 2.174199999999999733e+01 -2.452919259199999591e-03 7.523183300000000351e-01 9.909989456962897680e-01 2.059954220000000114e-02
1.370000000000000000e+02 1.164522999999999975e+01 2.174680000000000746e+01 -3.856390699999999710e-03 7.524844499999998604e-01 9.940422115770001232e-01 -2.928685999999988080e-03
1.380000000000000000e+02 1.174522999999999939e+01 2.169229999999998526e+01 -1.952599999999471611e-06 7.505986500000001449e-01 9.909333439549901090e-01 5.222202240000000523e-02
1.390000000000000000e+02 1.184523000000000081e+01 2.171300000000000807e+01 -4.729315490000000205e-03 7.513148599999999178e-01 9.919997083291397511e-01 -5.256810699999991780e-03
1.400000000000000000e+02 1.194527000000000072e+01 2.165410000000000323e+01 -3.508359130000001172e-03 7.492767800000003087e-01 9.949486299756200580e-01 2.674864019999998593e-02
1.410000000000000000e+02 1.204527000000000037e+01 2.172640000000000171e+01 -5.535373030000000430e-03 7.517785299999998339e-01 9.765228210961000022e-01 -7.775022304999998357e-02
1.420000000000000000e+02 1.214527000000000001e+01 2.170000000000000284e+01 -3.880954820000000454e-03 7.508650600000001951e-01 9.829034193461896329e-01 -2.183774402000000087e-02
1.430000000000000000e+02 1.224526999999999965e+01 2.166339999999999577e+01 -3.186101609999999074e-03 7.495986500000002550e-01 1.000522763333279386e+00 2.614278409999999664e-02
1.440000000000000000e+02 1.234526999999999930e+01 2.185650000000000048e+01 3.488572399999996347e-04 7.562802800000001380e-01 1.017193007612799960e+00 2.467289510000000158e-02
1.450000000000000000e+02 1.244527000000000072e+01 2.170069999999999766e+01 -5.006342329999999979e-03 7.508892900000002646e-01 9.945327579278000485e-01 1.215419999999944937e-04
1.460000000000000000e+02 1.254527000000000037e+01 2.166900000000000048e+01 -3.101275670000000050e-03 7.497923999999999145e-01 9.855298118619398862e-01 -8.196366669999997911e-02
1.470000000000000000e+02 1.264527000000000001e+01 2.178569999999999851e+01 -4.376548800000000343e-03 7.538305000000000700e-01 1.000054758615399830e+00 1.762995186300002695e-02
1.480000000000000000e+02 1.274526999999999965e+01 2.170740000000000336e+01 -3.490970169999999678e-03 7.511211399999999649e-01 1.006796928857450091e+00 1.258705399999999509e-02
1.490000000000000000e+02 1.284526999999999930e+01 2.161870000000000047e+01 3.035095984000002814e-03 7.480518800000001134e-01 9.832664817541001412e-01 8.248957660500004507e-02
1.500000000000000000e+02 1.294527000000000072e+01 2.161170000000000613e+01 -4.089716900000000058e-03 7.478096999999999106e-01 9.908257115072004462e-01 -2.577748876000000161e-02
1.510000000000000000e+02 1.304527000000000037e+01 2.164929999999998955e+01 -3.242369489999999063e-03 7.491107199999998967e-01 9.898339376819400570e-01 3.448260920000000007e-02
1.520000000000000000e+02 1.314527000000000001e+01 2.176270000000000593e+01 -3.509702510000000525e-03 7.530346099999999376e-01 9.930992539145598874e-01 -2.290662280000000176e-02
1.530000000000000000e+02 1.324526999999999965e+01 2.176470000000000127e+01 -7.062751751000002562e-03 7.531038000000003230e-01 1.011197189339999802e+00 -4.924192180000001168e-02
1.540000000000000000e+02 1.334526999999999930e+01 2.174610000000000909e+01 -6.371425050000001540e-03 7.524602200000001240e-01 1.000444625957400246e+00 3.292820689999998579e-02
1.550000000000000000e+02 1.344527000000000072e+01 2.173389999999999134e+01 2.214384900000002272e-03 7.520381400000001326e-01 1.012709529466200520e+00 9.687771769999997326e-03
1.560000000000000000e+02 1.354527000000000037e+01 2.168490000000000251e+01 1.055660900000006012e-04 7.503425800000000923e-01 9.840038287490001645e-01 2.100747469999999367e-02
1.570000000000000000e+02 1.364527000000000001e+01 2.176509999999999678e+01 -5.524901960000000098e-03 7.531176600000000221e-01 9.850834381167997700e-01 -5.331675360000001640e-02
1.580000000000000000e+02 1.374526999999999965e+01 2.160500000000000043e+01 -1.381133459999999780e-03 7.475778500000000992e-01 9.978734517765995848e-01 9.156364869999995826e-03
1.590000000000000000e+02 1.384526999999999930e+01 2.167639999999999745e+01 -5.256900409999998476e-03 7.500484399999999274e-01 9.823721072696000034e-01 4.292954999999992510e-04
1.600000000000000000e+02 1.394527000000000072e+01 2.160660000000000025e+01 -1.628973600000000127e-03 7.476332299999997044e-01 9.900031330954999209e-01 5.986840629999999608e-02
1.610000000000000000e+02 1.404527000000000037e+01 2.175479999999998526e+01 -1.547840459999998359e-03 7.527612399999996651e-01 9.841170095914602012e-01 2.685356100000002230e-02
1.620000000000000000e+02 1.414527000000000001e+01 2.185870000000000246e+01 -4.077442900000001307e-03 7.563563800000000503e-01 9.925629917744600572e-01 -1.474715320000002114e-03
1.630000000000000000e+02 1.424526999999999965e+01 2.170729999999999649e+01 -6.948020604999998080e-03 7.511176199999998193e-01 9.959276228534394981e-01 -3.303252510000000142e-02
1.640000000000000000e+02 1.434526999999999930e+01 2.179249999999999687e+01 -5.445832960000002512e-03 7.540657500000002011e-01 1.003606827076499730e+00 -3.363197360000000358e-02
1.650000000000000000e+02 1.444527000000000072e+01 2.166479999999999606e+01 -6.722047064999997663e-03 7.496470200000002748e-01 9.883618609393797216e-01 1.385009117999999248e-02
1.660000000000000000e+02 1.454527000000000037e+01 2.169539999999999580e+01 -6.708634999999998384e-03 7.507059099999997542e-01 9.975643827044998746e-01 -5.331180600000002406e-02
1.670000000000000000e+02 1.464527000000000001e+01 2.168230000000000146e+01 -4.790563840000001267e-03 7.502526299999996429e-01 9.906375112596802479e-01 -5.510032999999950028e-04
1.680000000000000000e+02 1.474526999999999965e+01 2.167249999999999588e+01 -5.772364569999998904e-03 7.499134800000000212e-01 9.918923449345902199e-01 2.005542867000000007e-02
1.690000000000000000e+02 1.484526999999999930e+01 2.172860000000000014e+01 -1.090777306999999446e-02 7.518546700000001692e-01 9.983274217231996595e-01 -1.788581800000012007e-03
1.700000000000000000e+02 1.494527000000000072e+01 2.169559999999999889e+01 -4.058402829999999302e-03 7.507127999999998469e-01 1.009195711070580259e+00 -1.118817399999999518e-02
1.710000000000000000e+02 1.504527000000000037e+01 2.181800000000000139e+01 -6.366698133000001265e-03 7.549481000000000108e-01 9.965251592114001689e-01 2.024506719999998039e-02
1.720000000000000000e+02 1.514527000000000001e+01 2.172949999999999804e+01 -4.142653190999999284e-03 7.518858299999995332e-01 9.877372637470496208e-01 -4.992324640000001673e-02
1.730000000000000000e+02 1.524526999999999965e+01 2.179459999999999908e+01 -6.769085310000001569e-03 7.541384199999997540e-01 9.847246883524003458e-01 -3.398150910000000136e-02
1.740000000000000000e+02 1.534526999999999930e+01 2.161140000000000683e+01 -3.513046620000001129e-03 7.477992900000000054e-01 9.793464748123397179e-01 3.547208500000000736e-02
1.750000000000000000e+02 1.544527000000000072e+01 2.170430000000000348e+01 -7.407855469999999505e-03 7.510138799999999115e-01 9.911505119073700243e-01 1.777158599999980075e-03
1.760000000000000000e+02 1.554527000000000037e+01 2.173530000000000939e+01 -6.845160859999999473e-03 7.520864799999997796e-01 9.975632497325002124e-01 -5.412074459999999254e-02
1.770000000000000000e+02 1.564527000000000001e+01 2.162940000000000040e+01 -8.952843000000001994e-03 7.484221599999998364e-01 9.960129095380397812e-01 3.720003269999999640e-02
1.780000000000000000e+02 1.574526999999999965e+01 2.175580000000000069e+01 -8.127564539999999893e-03 7.527958299999998326e-01 9.962740379483004949e-01 -1.888176260000000439e-02
1.790000000000000000e+02 1.584526999999999930e+01 2.172209999999999752e+01 -8.740664020000000339e-03 7.516297699999999748e-01 1.007645333158600165e+00 5.445187300000002908e-03
1.800000000000000000e+02 1.594527000000000072e+01 2.172840000000000060e+01 -5.232072009999999898e-03 7.518477599999998651e-01 1.005285041441799976e+00 1.211413392000000588e-02
1.810000000000000000e+02 1.604527000000000214e+01 2.159149999999999636e+01 -7.974146974999998805e-03 7.471107500000002677e-01 1.010177101874259797e+00 2.405753150000000326e-02
1.820000000000000000e+02 1.614527000000000001e+01 2.168120000000000402e+01 -9.825207769999998522e-03 7.502145099999998346e-01 9.913801856174800919e-01 8.068421060000002462e-03
1.830000000000000000e+02 1.624526999999999788e+01 2.169940000000001135e+01 -7.047711909999999740e-03 7.508442800000004747e-01 9.806548750868402387e-01 -5.558376470000001707e-02
1.840000000000000000e+02 1.634526999999999930e+01 2.169020000000000081e+01 -7.392852389999999413e-03 7.505259400000002801e-01 1.004171805113699856e+00 1.433176180000001083e-02
1.850000000000000000e+02 1.644527000000000072e+01 2.176570000000000249e+01 -8.024335014000001307e-03 7.531383899999997134e-01 1.002382513630060368e+00 2.943886999999945206e-04
1.860000000000000000e+02 1.654527000000000214e+01 2.176730000000000587e+01 -4.300094285000000127e-03 7.531937800000002570e-01 9.809481903571998229e-01 7.761597790000002162e-02
1.870000000000000000e+02 1.664527000000000001e+01 2.168600000000000350e+01 -8.587900476000004044e-03 7.503806299999997709e-01 9.861997782157003734e-01 8.526037179999997051e-02
1.880000000000000000e+02 1.674526999999999788e+01 2.166079999999999472e+01 -4.024869649999999500e-03 7.495086500000002205e-01 9.866289092436999475e-01 -4.024758015999999050e-02
1.890000000000000000e+02 1.684526999999999930e+01 2.174840000000000018e+01 -3.888404270000000908e-03 7.525397700000000523e-01 9.992094354221399133e-01 3.766731000000003195e-03
1.900000000000000000e+02 1.694527000000000072e+01 2.174689999999999301e+01 -9.462816189999999003e-03 7.524878799999998868e-01 1.015677790974699679e+00 -3.416196220000000672e-02
1.910000000000000000e+02 1.704527000000000214e+01 2.170720000000000383e+01 -1.211414073699999816e-02 7.511142199999996105e-01 9.937449723654998568e-01 -2.560022050000001007e-02
1.920000000000000000e+02 1.714527000000000001e+01 2.171030000000000371e+01 -6.961907800000000958e-03 7.512214400000000181e-01 9.971222830459997022e-01 -7.741912009999989651e-03
1.930000000000000000e+02 1.724526999999999788e+01 2.176209999999998956e+01 -1.067878040999999806e-02 7.530138799999999133e-01 9.866993042052503160e-01 -2.288457730000000023e-02
1.940000000000000000e+02 1.734526999999999930e+01 2.173269999999999058e+01 -1.060503905000000080e-02 7.519965599999995920e-01 1.011480091479199483e+00 1.326758206000001189e-02
1.950000000000000000e+02 1.744527000000000072e+01 2.167060000000000031e+01 -1.044702801700000266e-02 7.498477699999998025e-01 9.984552923020002524e-01 -5.252564989999997797e-02
1.960000000000000000e+02 1.754527000000000214e+01 2.166320000000000334e+01 -1.094540742999999990e-02 7.495916999999998609e-01 9.901742400287996126e-01 5.567963460000001363e-02
1.970000000000000000e+02 1.764527000000000001e+01 2.164690000000000580e+01 -7.504507659999999636e-03 7.490276999999997409e-01 9.676565239702301646e-01 -3.463683799999989384e-03
1.980000000000000000e+02 1.774526999999999788e+01 2.172339999999999804e+01 -8.734878219999998861e-03 7.516747399999996748e-01 9.930568983826595364e-01 -2.934596569999998843e-03
1.990000000000000000e+02 1.784526999999999930e+01 2.166080000000000894e+01 -1.435897927000000240e-02 7.495086700000002100e-01 9.942158862401196950e-01 -6.861204110000000689e-02
2.000000000000000000e+02 1.794527000000000072e+01 2.175949999999999207e+01 -8.467677989999998489e-03 7.529238700000000506e-01 1.010679685290600593e+00 2.511534929999999916e-02
2.010000000000000000e+02 1.804526999999999859e+01 2.175679999999999836e+01 -1.646959008999999280e-02 7.528304299999999394e-01 1.004885418495599980e+00 7.641059899999963186e-04
2.020000000000000000e+02 1.814527000000000001e+01 2.177129999999998589e+01 -1.183203287000000013e-02 7.533321700000003007e-01 1.005881408401600119e+00 2.230345579999996886e-02
2.030000000000000000e+02 1.824527000000000143e+01 2.173340000000000316e+01 -1.340377550999999334e-02 7.520207700000000051e-01 1.013981101527200002e+00 5.769521000000004014e-03
2.040000000000000000e+02 1.834526999999999930e+01 2.174599999999999511e+01 -8.930335539999997158e-03 7.524567400000001793e-01 1.007126107997199815e+00 -1.367557210000000002e-02
2.050000000000000000e+02 1.844527000000000072e+01 2.170120000000000715e+01 -1.473460355000000103e-02 7.509065599999996676e-01 9.913480993882995973e-01 7.607319300000002504e-02
2.060000000000000000e+02 1.854526999999999859e+01 2.174759999999999849e+01 -9.240250559999999697e-03 7.525120799999998056e-01 9.848403126224599680e-01 -4.369882538999998733e-02
2.070000000000000000e+02 1.864527000000000001e+01 2.163480000000000558e+01 -1.051195013000000116e-02 7.486089900000003627e-01 9.904367077865000590e-01 -8.903057020000001986e-02
2.080000000000000000e+02 1.874527000000000143e+01 2.167620000000000502e+01 -1.242613137399999762e-02 7.500415400000002286e-01 9.915241880964792420e-01 -1.099219789999999856e-02
2.090000000000000000e+02 1.884526999999999930e+01 2.174119999999998853e+01 -1.194162260079999899e-02 7.522906399999997884e-01 9.748882271229000196e-01 1.629226100000000232e-02
2.100000000000000000e+02 1.894527000000000072e+01 2.171570000000000533e+01 -1.006459178500000023e-02 7.514083499999998361e-01 1.001440026596930544e+00 4.406344299999996605e-03
2.110000000000000000e+02 1.904526999999999859e+01 2.179329999999999501e+01 -1.159558165999999974e-02 7.540934600000001042e-01 1.020479868473599838e+00 5.962983559999998628e-02
2.120000000000000000e+02 1.914527000000000001e+01 2.177930000000000277e+01 -1.049725489000000525e-02 7.536089399999998939e-01 9.989716360466998069e-01 -4.399460509999997965e-02
2.130000000000000000e+02 1.924527000000000143e+01 2.173690000000000566e+01 -1.034294545699999610e-02 7.521418700000004343e-01 1.008106139393600609e+00 1.172496099999999555e-02
2.140000000000000000e+02 1.934526999999999930e+01 2.161730000000000018e+01 -1.372042067000000393e-02 7.480033900000004898e-01 9.901368900675597828e-01 3.463754190000000593e-02
2.150000000000000000e+02 1.944527000000000072e+01 2.172359999999999758e+01 -1.125230565000000238e-02 7.516816900000002910e-01 1.010417474830500373e+00 2.347671099999996958e-03
2.160000000000000000e+02 1.954526999999999859e+01 2.160230000000000317e+01 -1.078882129999999585e-02 7.474843799999999483e-01 9.967524574400098425e-01 3.604664540000001444e-02
2.170000000000000000e+02 1.964527000000000001e+01 2.164779999999999305e+01 -1.316594286000000169e-02 7.490588200000002361e-01 9.967770589958001581e-01 -1.296618800000000002e-02
2.180000000000000000e+02 1.974527000000000143e+01 2.169730000000000913e+01 -1.317264123000000398e-02 7.507716499999997906e-01 9.867338172854798195e-01 -4.760139963000001306e-02
2.190000000000000000e+02 1.984526999999999930e+01 2.175640000000000285e+01 -1.140112178000000746e-02 7.528166199999999364e-01 9.884663732080000154e-01 8.362959999999929972e-04
2.200000000000000000e+02 1.994527000000000072e+01 2.182379999999999143e+01 -9.830387809999997090e-03 7.551488099999995596e-01 1.013750973806620159e+00 -2.969726299999988616e-03
2.210000000000000000e+02 2.004526999999999859e+01 2.176510000000000389e+01 -1.142829943000000202e-02 7.531176800000003446e-01 9.896879478801997587e-01 1.191288219999999190e-02
2.220000000000000000e+02 2.014527000000000001e+01 2.172929999999999851e+01 -1.110962777000000165e-02 7.518788700000000880e-01 1.006004538349759558e+00 1.367039780000000627e-02
2.230000000000000000e+02 2.024527000000000143e+01 2.174449999999998795e+01 -9.908168240000000959e-03 7.524048200000001962e-01 9.874214964165001218e-01 4.379121179999999336e-02
2.240000000000000000e+02 2.034526999999999930e+01 2.168749999999999645e+01 -1.161169052000000056e-02 7.504324800000000684e-01 9.890186291582899747e-01 2.662187900000000454e-02
2.250000000000000000e+02 2.044527000000000072e+01 2.163929999999999865e+01 -8.407033809999998886e-03 7.487647000000002828e-01 9.868911474969002118e-01 -1.323840609999999557e-02
2.260000000000000000e+02 2.054526999999999859e+01 2.164310000000000400e+01 -6.604569980000001526e-03 7.488961600000004770e-01 1.010465110223399687e+00 -5.243310339999998626e-02
2.270000000000000000e+02 2.064527000000000001e+01 2.168570000000001130e+01 -7.260485430000001433e-03 7.503701899999998259e-01 9.829920490769998853e-01 -1.627818660000000112e-02
2.280000000000000000e+02 2.074527000000000143e+01 2.168879999999999342e+01 -8.431523320000000252e-03 7.504774800000000301e-01 1.012964338931800379e+00 1.712395500000001014e-02
2.290000000000000000e+02 2.084526999999999930e+01 2.172709999999999653e+01 -9.858276439999999127e-03 7.518027700000001756e-01 1.006959366113399756e+00 -2.282374250000000077e-02
2.300000000000000000e+02 2.094527000000000072e+01 2.173870000000000502e+01 -1.423963688559999781e-02 7.522041299999999708e-01 9.880617188450898647e-01 -3.943617999999997695e-03
2.310000000000000000e+02 2.104526999999999859e+01 2.166670000000000229e+01 -1.012869465000000059e-02 7.497128299999996637e-01 9.968732122939001350e-01 4.281913000000003508e-03
2.320000000000000000e+02 2.114527000000000001e+01 2.168010000000000304e+01 -1.410276105999999294e-02 7.501764699999999841e-01 9.889986907671907135e-01 -1.161142520000000775e-02
2.330000000000000000e+02 2.124527000000000143e+01 2.173489999999999256e+01 -8.762630599999998021e-03 7.520726100000003633e-01 9.898984849726102375e-01 2.957364699999996422e-03
2.340000000000000000e+02 2.134526999999999930e+01 2.172719999999999629e+01 -9.185073300000002466e-03 7.518062199999999695e-01 1.006917063803099976e+00 9.715752000000008482e-04
2.350000000000000000e+02 2.144527000000000072e+01 2.174149999999999494e+01 -9.901091860000002520e-03 7.523010300000001482e-01 9.950126098969704902e-01 4.437811740000000699e-02
2.360000000000000000e+02 2.154526999999999859e+01 2.170569999999999311e+01 -1.090516732999999988e-02 7.510622500000002644e-01 9.912030126244496531e-01 -8.985953700000000322e-03
2.370000000000000000e+02 2.164527000000000001e+01 2.169449999999999790e+01 -1.044064910000000283e-02 7.506747299999999568e-01 1.010801516195380279e+00 5.075914199999999148e-03
2.380000000000000000e+02 2.174527000000000143e+01 2.166720000000000113e+01 -1.019250339999999699e-02 7.497301299999997726e-01 9.911958147458402868e-01 9.797818000000003275e-03
2.390000000000000000e+02 2.184526999999999930e+01 2.175679999999999836e+01 -1.166753152000000147e-02 7.528305199999999475e-01 1.001392375549200020e+00 -8.938683200000003756e-03
2.400000000000000000e+02 2.194527000000000072e+01 2.176910000000000167e+01 -1.049318380000000689e-02 7.532560700000001663e-01 1.002478566513400171e+00 1.496822800000006644e-03
2.410000000000000000e+02 2.204526999999999859e+01 2.163690000000000069e+01 -1.289227280000000350e-02 7.486816899999999553e-01 1.002419642551530377e+00 -2.192110390000000242e-02
2.420000000000000000e+02 2.214527000000000001e+01 2.159480000000000643e+01 -1.156377947000000045e-02 7.472248899999993643e-01 9.876206718641999949e-01 -2.897135399999999431e-02
2.430000000000000000e+02 2.224527000000000143e+01 2.170580000000000709e+01 -1.178290639000000029e-02 7.510657199999998257e-01 9.975568458360506430e-01 1.433863010000001326e-02
2.440000000000000000e+02 2.234526999999999930e+01 2.173880000000000479e+01 -1.270350584999999782e-02 7.522076299999997939e-01 1.007608779877340321e+00 -4.528203339999994047e-03
2.450000000000000000e+02 2.244527000000000072e+01 2.170879999999999654e+01 -1.443850938300000192e-02 7.511695500000001857e-01 1.003778473825109652e+00 3.598181740000000461e-02
2.460000000000000000e+02 2.254526999999999859e+01 2.168389999999999773e+01 -1.205222580399999827e-02 7.503080099999999142e-01 9.894836355190199662e-01 1.171890810000001532e-02
2.470000000000000000e+02 2.264527000000000001e+01 2.173209999999999908e+01 -1.666759865999999785e-02 7.519757600000005482e-01 9.839825773771602169e-01 6.104395240000007154e-03
2.480000000000000000e+02 2.274527000000000143e+01 2.168460000000001031e+01 -1.324036869000000220e-02 7.503321899999997324e-01 9.950596586135005417e-01 -1.930165200000008054e-03
2.490000000000000000e+02 2.284526999999999930e+01 2.171209999999999596e+01 -1.045239389999999720e-02 7.512837199999999882e-01 1.011776378700359746e+00 -2.267710270000000694e-02
2.500000000000000000e+02 2.294527000000000072e+01 2.169039999999998969e+01 -9.636467279999999871e-03 7.505329099999995535e-01 9.775453704586597459e-01 2.566766549999998856e-02
2.510000000000000000e+02 2.304526999999999859e+01 2.166799999999999571e+01 -7.463310009999997267e-03 7.497577599999999398e-01 9.837152133645901131e-01 -6.376669860000000641e-03
2.520000000000000000e+02 2.314527000000000001e+01 2.173889999999999745e+01 -1.979107709999999853e-02 7.522111000000001324e-01 1.003154512318150005e+00 -2.826888089000001089e-02
2.530000000000000000e+02 2.324527000000000143e+01 2.168580000000000041e+01 -1.354104122000000451e-02 7.503736699999998816e-01 9.967161578831599256e-01 2.206201056000000119e-02
2.540000000000000000e+02 2.334526999999999930e+01 2.160360000000000724e+01 -8.172784973999997621e-03 7.475293900000000713e-01 9.849657758344304570e-01 1.594266949999999586e-02
2.550000000000000000e+02 2.344527000000000072e+01 2.174799999999999756e+01 -1.393270152599999576e-02 7.525259300000002316e-01 9.923982556949000333e-01 -6.315343600000002111e-02
2.560000000000000000e+02 2.354526999999999859e+01 2.158319999999999794e+01 -1.085687545000000101e-02 7.468235299999999022e-01 9.726498105800702731e-01 4.197580500000000492e-02
2.570000000000000000e+02 2.364527000000000001e+01 2.167830000000000368e+01 -1.353634909999999573e-02 7.501141899999999030e-01 1.007063268977739456e+00 -1.367277979999999976e-02
2.580000000000000000e+02 2.374527000000000143e+01 2.168239999999999768e+01 -1.389318377000000118e-02 7.502560300000005178e-01 1.005709549431899941e+00 -1.415088369999996896e-03
2.590000000000000000e+02 2.384526999999999930e+01 2.166400000000000148e+01 -1.171491579999998922e-02 7.496193400000005225e-01 9.739071526511997590e-01 -2.584429382999998970e-02
2.600000000000000000e+02 2.394527000000000072e+01 2.181060000000000088e+01 -1.112622912999999304e-02 7.546920400000003415e-01 1.005896844311050753e+00 3.218833139999999898e-02
2.610000000000000000e+02 2.404526999999999859e+01 2.177400000000000091e+01 -1.184386533300000287e-02 7.534255999999999176e-01 9.980854068233200316e-01 2.939897340000000719e-02
2.620000000000000000e+02 2.414527000000000001e+01 2.166699999999999804e+01 -1.478214169999999758e-02 7.497231699999998833e-01 9.895435833730001907e-01 -4.198367999999999545e-02
2.630000000000000000e+02 2.424527000000000143e+01 2.175050000000000239e+01 -1.174473440999999722e-02 7.526124699999999779e-01 1.012920752824999937e+00 4.624003458999999261e-02
2.640000000000000000e+02 2.434526999999999930e+01 2.163619999999999877e+01 -1.161382809000000189e-02 7.486574699999998250e-01 9.846423011842003747e-01 4.842040700000001946e-02
2.650000000000000000e+02 2.444527000000000072e+01 2.160070000000000334e+01 -9.614187769999999258e-03 7.474290599999998674e-01 9.994750432096002335e-01 -1.540459570000000250e-02
2.660000000000000000e+02 2.454526999999999859e+01 2.164959999999999951e+01 -1.068588886199999324e-02 7.491211099999998124e-01 9.893087726648600588e-01 -4.265972732000001405e-02
2.670000000000000000e+02 2.464527000000000001e+01 2.163720000000000709e+01 -1.092315249999999995e-02 7.486919899999999739e-01 1.005787414790579870e+00 -4.972405000000025858e-04
2.680000000000000000e+02 2.474527000000000143e+01 2.167139999999999844e+01 -1.329292424999999923e-02 7.498754200000002923e-01 1.005859035260930012e+00 -3.313382340000001203e-02
2.690000000000000000e+02 2.484526999999999930e+01 2.168760000000000687e+01 -1.218464186000000303e-02 7.504359799999997804e-01 9.865632570785400901e-01 3.335481600000001021e-03
2.700000000000000000e+02 2.494527000000000072e+01 2.178059999999998908e+01 -1.094938337000000116e-02 7.536539800000001676e-01 9.796019383283001147e-01 -4.723952889999999405e-02
2.710000000000000000e+02 2.504526999999999859e+01 2.179669999999999774e+01 -1.099390150000000357e-02 7.542111400000003352e-01 1.012042323980100411e+00 -1.335075506999998905e-02
2.720000000000000000e+02 2.514527000000000001e+01 2.171140000000000825e+01 -5.370926800000001833e-03 7.512595300000001197e-01 9.909806126392999293e-01 6.359268270000004164e-02
2.730000000000000000e+02 2.524527000000000143e+01 2.176170000000000471e+01 -1.188490291799999994e-02 7.530000000000000027e-01 9.893120048547200396e-01 -3.095463470000000411e-02
2.740000000000000000e+02 2.534526999999999930e+01 2.173900000000000432e+01 -1.371933780000000012e-02 7.522145200000003307e-01 9.867459903881095062e-01 1.980615119999998980e-02
2.750000000000000000e+02 2.544527000000000072e+01 2.151000000000000512e+01 -1.349519839599999833e-02 7.442906900000002546e-01 9.776598136568998010e-01 -5.481499349999996787e-03
2.760000000000000000e+02 2.554526999999999859e+01 2.154030000000000200e+01 -1.296586869999999912e-02 7.453391500000000613e-01 1.001653028795399747e+00 1.395677000000000766e-03
2.770000000000000000e+02 2.564527000000000001e+01 2.168509999999999138e+01 -1.013969164900000233e-02 7.503495399999998705e-01 9.981360035754005544e-01 1.714933500000007409e-03
2.780000000000000000e+02 2.574527000000000143e+01 2.176669999999999661e+01 -1.370314793999999857e-02 7.531730800000004944e-01 9.988119068232103048e-01 -5.866237909999998806e-03
2.790000000000000000e+02 2.584526999999999930e+01 2.172019999999999484e+01 -1.025650483230000111e-02 7.515640299999997165e-01 9.875978854176000743e-01 2.353163311999999230e-02
2.800000000000000000e+02 2.594527000000000072e+01 2.179110000000001435e+01 -1.086304725000000401e-02 7.540173200000004350e-01 9.943169729648001498e-01 5.295410022999999522e-02
2.810000000000000000e+02 2.604526999999999859e+01 2.178099999999999525e+01 -8.148422582000002662e-03 7.536678400000000888e-01 1.008441951995899810e+00 -2.570499359999999303e-02
2.820000000000000000e+02 2.614527000000000001e+01 2.161410000000000409e+01 -8.220291969999998088e-03 7.478927300000002276e-01 9.785033079399702016e-01 -4.551687000000002176e-03
2.830000000000000000e+02 2.624527000000000143e+01 2.168310000000000315e+01 -9.062167170000001368e-03 7.502803300000000508e-01 1.000842095235199958e+00 -5.395223060000000487e-02
2.840000000000000000e+02 2.634526999999999930e+01 2.162380000000000990e+01 -1.361129276999999832e-02 7.482283599999998147e-01 1.007946920553280279e+00 -5.101154489999999708e-02
2.850000000000000000e+02 2.644527000000000072e+01 2.168760000000000332e+01 -8.368648700000001772e-03 7.504360099999999312e-01 9.830865391091597738e-01 6.056295019999996532e-02
2.860000000000000000e+02 2.654526999999999859e+01 2.163720000000000709e+01 -1.028748902700000155e-02 7.486920000000002462e-01 9.941584128696603351e-01 1.665059210000000359e-02
2.870000000000000000e+02 2.664527000000000001e+01 2.168329999999999558e+01 -5.859221493500001675e-03 7.502872399999996889e-01 9.994700302601000619e-01 2.868161640000001927e-02
2.880000000000000000e+02 2.674527000000000143e+01 2.169029999999999703e+01 -1.326574754899999958e-02 7.505293699999997514e-01 9.961569627538392480e-01 -2.063682470000001087e-02
2.890000000000000000e+02 2.684526999999999930e+01 2.171610000000000440e+01 -1.058050528000000108e-02 7.514221500000001219e-01 9.977182484482597369e-01 2.719655290000000392e-02
2.900000000000000000e+02 2.694527000000000072e+01 2.175009999999999621e+01 -1.570232817000000516e-02 7.525986000000002285e-01 9.799893366959001595e-01 -1.029551925500000499e-02
2.910000000000000000e+02 2.704526999999999859e+01 2.185439999999999472e+01 -1.346063044000000118e-02 7.562076000000000908e-01 9.878432186418598659e-01 -2.873827419999998647e-02
2.920000000000000000e+02 2.714527000000000001e+01 2.166340000000000288e+01 -1.159747795000000414e-02 7.495986199999999933e-01 1.005128310967000171e+00 -6.322397300000001663e-02
2.930000000000000000e+02 2.724527000000000143e+01 2.164510000000000289e+01 -6.757352135999998913e-03 7.489654300000000431e-01 1.016298487640799886e+00 1.153596049999999588e-02
2.940000000000000000e+02 2.734526999999999930e+01 2.160420000000000940e+01 -1.177046704999999520e-02 7.475501999999997205e-01 9.944793856524198894e-01 3.382371620000001328e-02
2.950000000000000000e+02 2.744527000000000072e+01 2.155939999999999301e+01 -1.353776584000000033e-02 7.459999699999996237e-01 9.859314550440797520e-01 -3.334774770000004107e-02
2.960000000000000000e+02 2.754526999999999859e+01 2.171300000000000097e+01 -7.561499059999997330e-03 7.513148700000000790e-01 9.930899626903199051e-01 -9.973015200000016553e-03
2.970000000000000000e+02 2.764527000000000001e+01 2.175619999999998910e+01 -1.224018158000000391e-02 7.528096699999998753e-01 9.994846666365697629e-01 -1.341358809999999846e-02
2.980000000000000000e+02 2.774527000000000143e+01 2.176109999999999545e+01 -1.105315025000000104e-02 7.529792199999998381e-01 1.013288609117119377e+00 6.051822019999999330e-02
2.990000000000000000e+02 2.784526999999999930e+01 2.167609999999999815e+01 -1.283316492000000260e-02 7.500380500000001227e-01 9.979787278433001063e-01 2.374298290000001477e-02
3.000000000000000000e+02 2.794527000000000072e+01 2.174619999999999109e+01 -8.551848610000000947e-03 7.524636900000000184e-01 9.896817136150996008e-01 2.314033349999998837e-02
3.010000000000000000e+02 2.804526999999999859e+01 2.183040000000000447e+01 -9.915597479999999769e-03 7.553771499999996086e-01 9.781822936448202332e-01 -2.070252200000000098e-02
3.020000000000000000e+02 2.814527000000000001e+01 2.175460000000001060e+01 -1.327377148999999736e-02 7.527543200000005319e-01 9.856065310860002704e-01 5.449698290000000445e-02
3.030000000000000000e+02 2.824527000000000143e+01 2.164519999999999911e+01 -7.575940899999997896e-03 7.489688499999997973e-01 9.935597716538001611e-01 -8.409887900000002914e-03
3.040000000000000000e+02 2.834526999999999930e+01 2.167740000000000578e+01 -5.607239215999998243e-03 7.500830999999998916e-01 1.002498021504399706e+00 -3.627507520000000651e-02
3.050000000000000000e+02 2.844527000000000072e+01 2.166879999999999740e+01 -8.212901768000000283e-03 7.497854699999997319e-01 9.976652620082500089e-01 2.744776159999998827e-02
3.060000000000000000e+02 2.854526999999999859e+01 2.164750000000000441e+01 -1.066318100999999983e-02 7.490484300000000983e-01 9.940889987071992451e-01 1.388650300000001704e-02
3.070000000000000000e+02 2.864527000000000001e+01 2.167559999999999576e+01 -8.047308923000000627e-03 7.500207500000000138e-01 9.856224611010000469e-01 -3.209165346000000113e-02
3.080000000000000000e+02 2.874527000000000143e+01 2.170840000000000103e+01 -5.937116560000000459e-03 7.511557000000000928e-01 1.008195942214319851e+00 5.524575510000005220e-03
3.090000000000000000e+02 2.884526999999999930e+01 2.176679999999999993e+01 -1.416940066400000468e-02 7.531765100000000768e-01 9.966534180886005290e-01 8.983376000000031607e-04
3.100000000000000000e+02 2.894527000000000072e+01 2.173460000000000392e+01 -1.138343702999999700e-02 7.520623199999997288e-01 9.959604856136001771e-01 -2.574418629999998889e-02
3.110000000000000000e+02 2.904526999999999859e+01 2.173470000000001079e+01 -8.642420329999997430e-03 7.520657500000001994e-01 9.860440763710204282e-01 7.344289260000002803e-03
3.120000000000000000e+02 2.914527000000000001e+01 2.172499999999999432e+01 -1.082934510000000024e-02 7.517300700000001390e-01 9.919976862669602768e-01 -1.324765749999999923e-02
3.130000000000000000e+02 2.924527000000000143e+01 2.170040000000000902e+01 -8.689214799999997463e-03 7.508789000000000158e-01 9.829413138856404331e-01 -2.927486860999997664e-02
3.140000000000000000e+02 2.934526999999999930e+01 2.164469999999999672e+01 -9.987620493999996296e-03 7.489515600000001827e-01 9.979391636308799773e-01 -1.922110800000006439e-03
3.150000000000000000e+02 2.944527000000000072e+01 2.165210000000000790e+01 -9.431306880000000364e-03 7.492075800000000951e-01 9.822503178540001878e-01 5.828189920000002161e-02
3.160000000000000000e+02 2.954526999999999859e+01 2.165690000000000381e+01 -6.228465269999998791e-03 7.493737000000001425e-01 1.002709011349599999e+00 -1.742583082999999908e-02
3.170000000000000000e+02 2.964527000000000001e+01 2.172459999999999525e+01 -8.991615030000000425e-03 7.517162800000002365e-01 1.010956083411500117e+00 4.651183199999996826e-02
3.180000000000000000e+02 2.974527000000000143e+01 2.169130000000000180e+01 -1.325274967000000803e-02 7.505640399999998769e-01 1.003624604760749994e+00 -4.536721510000000374e-02
3.190000000000000000e+02 2.984526999999999930e+01 2.167920000000000158e+01 -7.897456440000002326e-03 7.501453599999993171e-01 1.004417610485160317e+00 1.496380089999996233e-03
3.200000000000000000e+02 2.994527000000000072e+01 2.175869999999999393e+01 -1.349537689999999804e-02 7.528962300000000551e-01 9.980683054301597856e-01 -4.335969459000000442e-02
3.210000000000000000e+02 3.004526999999999859e+01 2.176029999999999376e+01 -1.067071210000000367e-02 7.529515600000000752e-01 9.893023646154601725e-01 6.891090800000000682e-02
3.220000000000000000e+02 3.014527000000000001e+01 2.171060000000000301e+01 -1.126800484000000345e-02 7.512317899999999549e-01 9.784488117158001153e-01 -5.553606600000002280e-02
3.230000000000000000e+02 3.024527000000000143e+01 2.164310000000000400e+01 -1.187837078000000129e-02 7.488961899999998506e-01 1.009372830134409371e+00 5.909356860000001405e-02
3.240000000000000000e+02 3.034526999999999930e+01 2.164029999999999632e+01 -8.621895239999999988e-03 7.487992899999995622e-01 9.929109159476604551e-01 3.894909529999999315e-02
3.250000000000000000e+02 3.044527000000000072e+01 2.167700000000000315e+01 -1.295053147999999758e-02 7.500692000000001025e-01 1.001943017963540461e+00 7.299019130000012831e-03
3.260000000000000000e+02 3.054526999999999859e+01 2.166499999999999204e+01 -1.073096607999999945e-02 7.496539599999999526e-01 9.936934211605994438e-01 2.347909679999999819e-02
3.270000000000000000e+02 3.064527000000000001e+01 2.172039999999999083e+01 -5.718036550000000530e-03 7.515709400000004647e-01 9.981241091451994452e-01 -3.444153120000000706e-02
3.280000000000000000e+02 3.074527000000000143e+01 2.168670000000000186e+01 -1.108767554000000301e-02 7.504048500000000121e-01 9.839270458120996654e-01 -7.125152929999997720e-02
3.290000000000000000e+02 3.084526999999999930e+01 2.166760000000000375e+01 -1.031671499000000151e-02 7.497439900000002488e-01 9.845173827864800442e-01 -1.534128935000001435e-02
3.300000000000000000e+02 3.094527000000000072e+01 2.174190000000000111e+01 -6.493934039999997923e-03 7.523148700000001909e-01 9.985508547104002819e-01 1.364038220000000738e-02
3.310000000000000000e+02 3.104526999999999859e+01 2.177939999999998832e+01 -1.182670050000000223e-02 7.536124399999998280e-01 1.005419405751300399e+00 -2.154225680000000642e-02
3.320000000000000000e+02 3.114527000000000001e+01 2.173490000000000322e+01 -1.305589097000000448e-02 7.520726799999997159e-01 1.009799865657699636e+00 7.722950409999998489e-02
3.330000000000000000e+02 3.124527000000000143e+01 2.170460000000000633e+01 -1.177498924400000209e-02 7.510242699999999383e-01 9.976431460043005961e-01 -7.327112999999996212e-03
3.340000000000000000e+02 3.134526999999999930e+01 2.169899999999999096e+01 -1.006858525000000129e-02 7.508304999999998453e-01 9.989462627577999632e-01 5.562297920000000562e-02
3.350000000000000000e+02 3.144527000000000072e+01 2.165849999999999298e+01 -1.276022746100000278e-02 7.494290899999999089e-01 9.959344131390298616e-01 4.144663599999999504e-02
3.360000000000000000e+02 3.154526999999999859e+01 2.163569999999999638e+01 -8.419608599999999637e-03 7.486401800000004325e-01 9.804012866557704209e-01 -8.081850009999999584e-02
3.370000000000000000e+02 3.164527000000000001e+01 2.170870000000000388e+01 -9.609359780000001697e-03 7.511661200000002703e-01 9.724860871070203361e-01 -5.034181019999998952e-02
3.380000000000000000e+02 3.174527000000000143e+01 2.166209999999999880e+01 -7.651916929300002328e-03 7.495536800000004440e-01 9.705759192946604719e-01 -2.231109705999999651e-02
3.390000000000000000e+02 3.184526999999999930e+01 2.179350000000000520e+01 -1.001155029174999843e-02 7.541003600000002471e-01 1.018734432663570555e+00 -2.103220285000000078e-02
3.400000000000000000e+02 3.194527000000000072e+01 2.176309999999999434e+01 -1.066479893699999980e-02 7.530484699999999698e-01 1.032840957750999600e+00 4.779487060000001120e-02
3.410000000000000000e+02 3.204527000000000214e+01 2.176219999999999288e+01 -1.363718609999999692e-02 7.530172500000001934e-01 1.025709307022899530e+00 -5.208315300000009029e-03
3.420000000000000000e+02 3.214526999999999646e+01 2.166530000000001266e+01 -1.219065664000000201e-02 7.496643699999998578e-01 1.007143101062699664e+00 -1.962942610000002405e-02
3.430000000000000000e+02 3.224527000000000498e+01 2.164620000000000033e+01 -6.650541589999999642e-03 7.490034500000001261e-01 9.916813012799198246e-01 -8.383174500000003387e-03
3.440000000000000000e+02 3.234526999999999930e+01 2.148960000000000647e+01 -8.568303199999998537e-03 7.435847500000001276e-01 9.844913269020396651e-01 4.293929960000000129e-02
3.450000000000000000e+02 3.244527000000000072e+01 2.159099999999999397e+01 -8.046494169999999710e-03 7.470933700000002009e-01 9.798799419101201780e-01 6.520971970000001561e-02
3.460000000000000000e+02 3.254527000000000214e+01 2.179449999999999932e+01 -7.968270590000003234e-03 7.541349700000000711e-01 9.708678038611998629e-01 1.164549830000000639e-02
3.470000000000000000e+02 3.264526999999999646e+01 2.174009999999999820e+01 -6.060068649999996587e-03 7.522525600000001811e-01 9.855020215060696920e-01 -3.453541443999997435e-02
3.480000000000000000e+02 3.274527000000000498e+01 2.187319999999999354e+01 -1.000910541000000174e-02 7.568581400000004011e-01 1.017092136224930110e+00 -1.511885580000000250e-02
3.490000000000000000e+02 3.284526999999999930e+01 2.189709999999999113e+01 -7.156179230000000308e-03 7.576851399999998682e-01 1.030835629916100338e+00 1.941676618999999687e-02
3.500000000000000000e+02 3.294527000000000072e+01 2.179760000000000275e+01 -7.690590600000002559e-03 7.542422199999999632e-01 1.014858117284640038e+00 -1.947060400000007532e-03
3.510000000000000000e+02 3.304527000000000214e+01 2.168200000000000571e+01 -5.662714550000002255e-03 7.502422599999998276e-01 1.037887132991600181e+00 -4.941283830000000460e-02
3.520000000000000000e+02 3.314526999999999646e+01 2.148369999999999891e+01 -5.975503869999999190e-03 7.433806100000004413e-01 1.005661753517500090e+00 1.235005179999999932e-02
3.530000000000000000e+02 3.324527000000000498e+01 2.145400000000000063e+01 -9.267090770000003391e-03 7.423529599999999506e-01 1.004664473663959834e+00 -5.376345710000000888e-02
3.540000000000000000e+02 3.334526999999999930e+01 2.144249999999999545e+01 -6.380699499999998962e-03 7.419549299999999015e-01 9.787463936781601870e-01 -6.077566509999998354e-03
3.550000000000000000e+02 3.344527000000000072e+01 2.156539999999999679e+01 -4.789624299999999807e-03 7.462076400000000609e-01 9.654156560701898648e-01 -4.477373519999999774e-02
3.560000000000000000e+02 3.354527000000000214e+01 2.177090000000000458e+01 -9.157443459999999383e-03 7.533183099999996024e-01 1.001221482668619878e+00 1.636533929999998624e-02
3.570000000000000000e+02 3.364526999999999646e+01 2.188800000000000168e+01 -5.393396300000000490e-03 7.573702500000000226e-01 9.854164994393000976e-01 -5.587990000000320526e-05
3.580000000000000000e+02 3.374527000000000498e+01 2.204089999999999705e+01 -5.187764900000001698e-03 7.626609199999999644e-01 1.053166560477700298e+00 4.353523438000000967e-02
3.590000000000000000e+02 3.384526999999999930e+01 2.203089999999999193e+01 -6.464472054999999967e-03 7.623148800000000280e-01 1.076433546899900007e+00 1.014992659999999942e-02
3.600000000000000000e+02 3.394526999999999362e+01 2.176519999999998944e+01 -8.820770020000000267e-03 7.531211199999999772e-01 1.097253179867599959e+00 1.405716360000000033e-02
3.610000000000000000e+02 3.404527000000000214e+01 2.149089999999999989e+01 -9.484757800000000183e-03 7.436297700000003008e-01 1.073871397386400250e+00 -8.986655899999996047e-03
3.620000000000000000e+02 3.414526999999999646e+01 2.117950000000000443e+01 -8.318302860000001409e-03 7.328547100000000203e-01 1.070694354775600265e+00 9.700163200000002164e-03
3.630000000000000000e+02 3.424527000000000498e+01 2.100130000000000052e+01 -1.099244108000000178e-02 7.266885300000002212e-01 1.027827988780900093e+00 -2.799410310000000762e-02
3.640000000000000000e+02 3.434526999999999930e+01 2.108710000000001017e+01 -7.050750029999999606e-03 7.296574600000000910e-01 9.843590629613199194e-01 -5.623251600000005526e-03
3.650000000000000000e+02 3.444526999999999362e+01 2.136819999999999808e+01 -5.022636405999997972e-03 7.393841400000000785e-01 9.785471398433999157e-01 -2.568802000000058893e-04
3.660000000000000000e+02 3.454527000000000214e+01 2.175290000000001811e+01 -9.081494009999998077e-03 7.526955500000002131e-01 9.932101733776004249e-01 -1.525400020000000113e-02
3.670000000000000000e+02 3.464526999999999646e+01 2.221920000000000073e+01 -8.842239910000000702e-03 7.688304499999999431e-01 1.077177082559800159e+00 -2.128367760000000539e-02
3.680000000000000000e+02 3.474527000000000498e+01 2.238020000000000920e+01 -5.469919610000003804e-03 7.744013799999999170e-01 1.157901410002400100e+00 2.220977899999999894e-02
3.690000000000000000e+02 3.484526999999999930e+01 2.216730000000000089e+01 -1.003646736999999969e-02 7.670346199999998893e-01 1.275942577613700113e+00 5.657219920000001318e-02
3.700000000000000000e+02 3.494526999999999362e+01 2.156130000000000990e+01 -7.479312689999998223e-03 7.460657299999998715e-01 1.273784461104900068e+00 6.513889200000003155e-02
3.710000000000000000e+02 3.504527000000000214e+01 2.071830000000000283e+01 -1.334237258999999842e-02 7.168962299999998011e-01 1.251289641754600224e+00 -3.544530299999999051e-02
3.720000000000000000e+02 3.514526999999999646e+01 1.994509999999999650e+01 -1.113405569999999581e-02 6.901418600000001069e-01 1.117961237670900054e+00 -8.566471770000003150e-02
3.730000000000000000e+02 3.524527000000000498e+01 1.977630000000000265e+01 -1.355465769999999841e-02 6.843010199999995935e-01 1.045656175400399901e+00 -3.271733019999999159e-02
3.740000000000000000e+02 3.534526999999999930e+01 1.990909999999999869e+01 -1.393418966000000564e-02 6.888962000000000696e-01 9.702330064971999013e-01 -2.029830809999998154e-02
3.750000000000000000e+02 3.544526999999999362e+01 2.063430000000001030e+01 -1.381540097000000071e-02 7.139896500000000312e-01 9.629566462408399863e-01 6.978899879999998779e-02
3.760000000000000000e+02 3.554527000000000214e+01 2.151440000000000552e+01 -1.116052470000000046e-02 7.444428799999998070e-01 1.017959863214000338e+00 2.664503240000000092e-02
3.770000000000000000e+02 3.564526999999999646e+01 2.251220000000000709e+01 -1.142895640000000240e-02 7.789688999999997421e-01 1.148722277806600189e+00 3.798187990000003594e-03
3.780000000000000000e+02 3.574527000000000498e+01 2.293420000000000059e+01 -1.802978102999999721e-02 7.935708800000003116e-01 1.397734322745199931e+00 -1.843142880000000344e-02
3.790000000000000000e+02 3.584526999999999930e+01 2.210880000000000223e+01 -1.207314762000000381e-02 7.650103300000000717e-01 1.688828627111599534e+00 -4.922661350000000213e-02
3.800000000000000000e+02 3.594526999999999362e+01 1.956109999999999616e+01 -1.526426450800000105e-02 6.768546300000001237e-01 1.637568387952200721e+00 -3.357713999999994937e-04
3.810000000000000000e+02 3.604527000000000214e+01 1.719050000000000367e+01 -1.310242835999999612e-02 5.948270200000000951e-01 1.251222967157300081e+00 -6.637092100000002021e-03
3.820000000000000000e+02 3.614526999999999646e+01 1.607289999999998997e+01 -1.968979369999999951e-02 5.561557000000002526e-01 9.176838491918999363e-01 3.119550070000001035e-02
3.830000000000000000e+02 3.624527000000000498e+01 1.584089999999999421e+01 -1.137175490899999634e-02 5.481279899999998984e-01 7.177786809659000289e-01 4.385496600000000911e-02
3.840000000000000000e+02 3.634526999999999930e+01 1.625289999999999679e+01 -1.645817580000000571e-02 5.623840699999999027e-01 5.874718370012099733e-01 2.851778739999999771e-02
3.850000000000000000e+02 3.644526999999999362e+01 1.713369999999999749e+01 -1.631529452999999977e-02 5.928616000000000996e-01 5.062058850247200814e-01 6.192484999999964615e-04
3.860000000000000000e+02 3.654527000000000214e+01 1.865349999999999042e+01 -1.637709587899999555e-02 6.454498099999997907e-01 4.579017067018500420e-01 -4.750444709999997184e-02
3.870000000000000000e+02 3.664526999999999646e+01 2.033399999999999608e+01 -1.511758813299999421e-02 7.035986200000001745e-01 4.349175643196999119e-01 1.217656379999999816e-02
3.880000000000000000e+02 3.674527000000000498e+01 2.231500000000000838e+01 -1.561807088000000295e-02 7.721453300000002962e-01 4.002476145546999819e-01 1.169516599999999773e-03
3.890000000000000000e+02 3.684526999999999930e+01 2.430920000000000414e+01 -1.813779022000000171e-02 8.411487800000004844e-01 3.745292287962398992e-01 4.689678200000001011e-03
3.900000000000000000e+02 3.694526999999999362e+01 7.340300000000001823e+00 -1.487604627999999929e-02 2.539896099999999768e-01 1.062455421654849297e-01 -5.039982148999998940e-02
