1.000000000000000000e+00 9.273160000000000291e-01 0.000000000000000000e+00 0.000000000000000000e+00 0.000000000000000000e+00 0.000000000000000000e+00
2.000000000000000000e+00 1.027315999999999896e+00 0.000000000000000000e+00 0.000000000000000000e+00 0.000000000000000000e+00 0.000000000000000000e+00
3.000000000000000000e+00 1.127315999999999985e+00 0.000000000000000000e+00 0.000000000000000000e+00 0.000000000000000000e+00 0.000000000000000000e+00
4.000000000000000000e+00 1.227316000000000074e+00 0.000000000000000000e+00 0.000000000000000000e+00 0.000000000000000000e+00 0.000000000000000000e+00
5.000000000000000000e+00 1.327316000000000162e+00 0.000000000000000000e+00 0.000000000000000000e+00 0.000000000000000000e+00 0.000000000000000000e+00
6.000000000000000000e+00 1.427316000000000029e+00 0.000000000000000000e+00 0.000000000000000000e+00 0.000000000000000000e+00 0.000000000000000000e+00
7.000000000000000000e+00 1.527316000000000118e+00 1.046999999999998349e-01 -6.850389521000001952e-03 3.622838354999990094e-03 -1.311226951799998874e-01
8.000000000000000000e+00 1.627315900000000148e+00 1.881475000000001785e+01 2.541396703200000853e-03 6.510294020000002568e-01 -2.610406249699997669e-02
9.000000000000000000e+00 1.727315900000000015e+00 7.236516999999990674e+01 5.605002640199988929e-03 2.503985080000001417e+00 3.527303291000001301e-03
1.000000000000000000e+01 1.827315999999999940e+00 4.552912000000008419e+01 1.152888099480000803e-02 1.575402140000000450e+00 1.433092886199999194e-02
1.100000000000000000e+01 1.927316000000000029e+00 9.599030000000002616e+00 1.392891433469999746e-02 3.321463710000004954e-01 2.175014063799998731e-02
1.200000000000000000e+01 2.027315999999999896e+00 1.297089999999998966e+00 1.529916002732999158e-02 4.488200690000001408e-02 2.628725850999996325e-02
1.300000000000000000e+01 2.127315999999999985e+00 2.012899999999996636e-01 1.640495829759999746e-02 6.965051310000013388e-03 1.367104781399994806e-01
1.400000000000000000e+01 2.227316000000000074e+00 4.772000000000004016e-02 1.557063476999999072e-02 1.651210071999990349e-03 2.192032101350000761e-01
1.500000000000000000e+01 2.327316000000000162e+00 1.919999999999993587e-02 -2.175456739000002082e-02 6.643593299999974887e-04 1.381587954000000062e-01
1.600000000000000000e+01 2.427316000000000251e+00 1.534999999999987069e-02 8.282594247999998036e-03 5.311414609999983230e-04 3.955477824399998288e-01
1.700000000000000000e+01 2.527315999999999896e+00 3.032000000000005524e-02 3.452099708500001862e-02 1.049134434999994103e-03 -2.947646806297498090e-01
1.800000000000000000e+01 2.627315999999999985e+00 8.577999999999999514e-02 2.892043941999999229e-02 2.968165971999986181e-03 -7.540943579000014552e-02
1.900000000000000000e+01 2.727319999999999744e+00 1.936200000000000143e-01 2.545660444890000818e-02 6.699653843000013403e-03 2.291404093600004632e-01
2.000000000000000000e+01 2.827320000000000277e+00 3.979199999999998294e-01 1.424251130500000032e-02 1.376885690999999669e-02 1.261409562400000184e-01
2.100000000000000000e+01 2.927319999999999922e+00 8.274800000000011035e-01 8.317447205000001731e-03 2.863252579999997841e-02 -1.199898481999971860e-03
2.200000000000000000e+01 3.027320000000000011e+00 1.655739999999997991e+00 1.616547904000000674e-02 5.729204239999993731e-02 -1.081170219599995874e-02
2.300000000000000000e+01 3.127320000000000100e+00 3.660870000000005398e+00 1.411734237189997236e-02 1.266736969000001600e-01 -3.405299071000000843e-02
2.400000000000000000e+01 3.227319999999999744e+00 8.945889999999993236e+00 1.821144104690001347e-02 3.095463589999999376e-01 7.803231080000004767e-03
2.500000000000000000e+01 3.327320000000000277e+00 1.651255000000001161e+01 1.754768428510002781e-02 5.713685170000003533e-01 -2.019857949000000708e-02
2.600000000000000000e+01 3.427319999999999922e+00 2.054354999999998199e+01 1.605014371720001401e-02 7.108494839999994763e-01 7.721224307000000564e-03
2.700000000000000000e+01 3.527320000000000011e+00 1.949375000000000213e+01 1.620558766109998078e-02 6.745242159999995657e-01 2.891567674999998439e-03
2.800000000000000000e+01 3.627320000000000100e+00 1.630112999999999346e+01 1.526150529210000550e-02 5.640529290000014795e-01 -7.654301141000001245e-03
2.900000000000000000e+01 3.727320000000000189e+00 1.354741000000002593e+01 1.527921106920000077e-02 4.687685050000000020e-01 7.382910176999993995e-03
3.000000000000000000e+01 3.827319999999999833e+00 1.226166000000001333e+01 1.253055532643002241e-02 4.242788959999997389e-01 3.402726376099998729e-02
3.100000000000000000e+01 3.927319999999999922e+00 1.248975000000000257e+01 1.361846497234999072e-02 4.321712790000000193e-01 -1.493716600800000689e-02
3.200000000000000000e+01 4.027319999999999567e+00 1.419783000000002460e+01 1.283648226810000029e-02 4.912743959999998355e-01 3.438575514399994093e-02
3.300000000000000000e+01 4.127320000000000100e+00 1.726154999999998907e+01 9.901313663450001662e-03 5.972854620000008774e-01 -3.121125877800003112e-02
3.400000000000000000e+01 4.227320000000000633e+00 2.091359000000000989e+01 9.694893640629991330e-03 7.236536230000011338e-01 -1.235485694399998322e-02
3.500000000000000000e+01 4.327320000000000277e+00 2.324798999999996951e+01 8.415415366649990625e-03 8.044287359999997555e-01 5.535933844000004260e-03
3.600000000000000000e+01 4.427319999999999922e+00 2.306894000000001199e+01 7.366559680300015060e-03 7.982332180000001332e-01 1.317638249199999494e-02
3.700000000000000000e+01 4.527319999999999567e+00 2.102813999999998984e+01 7.438112341999999697e-03 7.276173069999991583e-01 -5.160562069400003588e-03
3.800000000000000000e+01 4.627320000000000100e+00 1.856846999999998360e+01 5.945238122999987190e-03 6.425076069999997586e-01 -9.183712840000005442e-03
3.900000000000000000e+01 4.727320000000000633e+00 1.680917000000000883e+01 5.105512169060005129e-03 5.816321729999988088e-01 1.083274259999995881e-03
4.000000000000000000e+01 4.827320000000000277e+00 1.613344999999999985e+01 4.259055447799993573e-03 5.582508559999995734e-01 5.993013554000005752e-03
4.100000000000000000e+01 4.927319999999999922e+00 1.649521000000000726e+01 1.742886974419998163e-03 5.707685229999998056e-01 5.190300413900002935e-03
4.200000000000000000e+01 5.027319999999999567e+00 1.771700000000002007e+01 2.132471290469995645e-03 6.130449679999997459e-01 2.309356166199998117e-02
4.300000000000000000e+01 5.127320000000000100e+00 1.926830999999998539e+01 3.506101117999981930e-04 6.667235369999995331e-01 -1.154131494700001530e-02
4.400000000000000000e+01 5.227320000000000633e+00 2.053720000000000567e+01 -3.991839504199999199e-04 7.106297620000003867e-01 1.453652437400005520e-02
4.500000000000000000e+01 5.327320000000000277e+00 2.096582000000002566e+01 -6.520043863999997521e-04 7.254609119999992917e-01 -2.597386129900000271e-02
4.600000000000000000e+01 5.427319999999999922e+00 2.047917999999999950e+01 -3.519164286299998872e-03 7.086221459999996197e-01 -6.022980839999934020e-04
4.700000000000000000e+01 5.527319999999999567e+00 1.947458000000000666e+01 -4.677824392999997694e-03 6.738609109999992297e-01 1.573155488799999821e-02
4.800000000000000000e+01 5.627320000000000100e+00 1.841550999999999050e+01 -4.587319911600003242e-03 6.372148739999997646e-01 3.111559166000001792e-03
4.900000000000000000e+01 5.727319999999999744e+00 1.773382000000000858e+01 -6.248226443999996445e-03 6.136269879999987076e-01 2.192529368600000181e-02
5.000000000000000000e+01 5.827320000000000277e+00 1.758905999999999992e+01 -6.965468964659990610e-03 6.086179760000004491e-01 -1.608666487730000746e-02
5.100000000000000000e+01 5.927319999999999922e+00 1.794453000000000387e+01 -7.291241808669989000e-03 6.209179940000006948e-01 -1.909855928000036532e-04
5.200000000000000000e+01 6.027320000000000455e+00 1.861666999999997429e+01 -8.710521769100011691e-03 6.441754260000005505e-01 6.489018012200004071e-03
5.300000000000000000e+01 6.127320000000000100e+00 1.927607000000002202e+01 -1.014331599845400000e-02 6.669920489999993096e-01 -1.663913417199999398e-02
5.400000000000000000e+01 6.227319999999999744e+00 1.969669999999997856e+01 -1.277066018159998644e-02 6.815467160000003854e-01 4.930649615999996294e-03
5.500000000000000000e+01 6.327320000000000277e+00 1.969902999999997206e+01 -1.258541153060000438e-02 6.816273419999991923e-01 -2.705359068899999050e-03
5.600000000000000000e+01 6.427319999999999922e+00 1.939496999999998295e+01 -1.294493134599999581e-02 6.711062480000005159e-01 1.867056364600001156e-02
5.700000000000000000e+01 6.527320000000000455e+00 1.889860999999998725e+01 -1.235937971000001211e-02 6.539311400000000774e-01 -1.041382322659999138e-02
5.800000000000000000e+01 6.627320000000000100e+00 1.848391000000003359e+01 -1.401982763829999999e-02 6.395816590000003021e-01 1.044928973999997715e-03
5.900000000000000000e+01 6.727319999999999744e+00 1.827651000000000892e+01 -1.386411728380000478e-02 6.324052040000008867e-01 -1.025200664700001620e-03
6.000000000000000000e+01 6.827320000000000277e+00 1.829259000000001478e+01 -1.589300582300000320e-02 6.329615809999994402e-01 -6.227508193000003654e-03
6.100000000000000000e+01 6.927319999999999922e+00 1.855534999999997936e+01 -1.761832170650000015e-02 6.420536470000002272e-01 2.956263547999996282e-03
6.200000000000000000e+01 7.027320000000000455e+00 1.886297000000000423e+01 -1.836164651129998382e-02 6.526979310000010637e-01 6.147855192600014743e-03
6.300000000000000000e+01 7.127320000000000100e+00 1.912418000000000617e+01 -1.764829551009997055e-02 6.617363349999998423e-01 4.936041820000004049e-03
6.400000000000000000e+01 7.227319999999999744e+00 1.923810999999997406e+01 -2.090116160559996744e-02 6.656785540000003110e-01 1.142068957000000155e-02
6.500000000000000000e+01 7.327320000000000277e+00 1.923867000000000260e+01 -2.288525903960005395e-02 6.656979320000016020e-01 9.417865164000010711e-03
6.600000000000000000e+01 7.427319999999999922e+00 1.901978999999998621e+01 -2.289517437209997661e-02 6.581242169999990121e-01 -3.070823006000007651e-03
6.700000000000000000e+01 7.527320000000000455e+00 1.880909999999999727e+01 -2.212128067920001925e-02 6.508339240000003967e-01 5.736466875999987787e-03
6.800000000000000000e+01 7.627320000000000100e+00 1.865131000000001649e+01 -2.380110254599998587e-02 6.453740480000004220e-01 -9.707801346699995379e-03
6.900000000000000000e+01 7.727319999999999744e+00 1.857781999999998490e+01 -2.406540264499996279e-02 6.428311449999997151e-01 2.516478940000004428e-03
7.000000000000000000e+01 7.827320000000000277e+00 1.864851000000001591e+01 -2.441743520549996896e-02 6.452771679999999010e-01 -1.621483526999999494e-02
7.100000000000000000e+01 7.927319999999999922e+00 1.879982000000002884e+01 -2.718685659899999080e-02 6.505128140000002723e-01 1.330169583900000022e-02
7.200000000000000000e+01 8.027319999999999567e+00 1.892711000000000254e+01 -2.517142375129998930e-02 6.549172710000007447e-01 -1.987807014600001185e-02
7.300000000000000000e+01 8.127320000000000988e+00 1.906232000000000326e+01 -2.785552595299996270e-02 6.595958600000003669e-01 5.581443946030011441e-03
7.400000000000000000e+01 8.227319999999998856e+00 1.901793999999999940e+01 -2.797305739299999622e-02 6.580602119999994226e-01 -2.436552549999993714e-03
7.500000000000000000e+01 8.327320000000000277e+00 1.900763999999999143e+01 -2.866338078140001286e-02 6.577038059999998909e-01 3.139713743000004543e-03
7.600000000000000000e+01 8.427319999999999922e+00 1.891505999999997201e+01 -3.145785281010005097e-02 6.545003379999999593e-01 4.517836789000004120e-03
7.700000000000000000e+01 8.527319999999999567e+00 1.880325999999999453e+01 -3.073942764830001062e-02 6.506318329999996042e-01 -1.642683001949998833e-02
7.800000000000000000e+01 8.627320000000000988e+00 1.873655000000002246e+01 -3.223678077509997686e-02 6.483235249999994565e-01 -3.952578509000004466e-03
7.900000000000000000e+01 8.727319999999998856e+00 1.874670999999998244e+01 -3.302419740547003074e-02 6.486750769999994892e-01 3.686194011099998280e-02
8.000000000000000000e+01 8.827320000000000277e+00 1.878896000000005628e+01 -3.327804841100003019e-02 6.501370139999999020e-01 -1.413731510550001423e-02
8.100000000000000000e+01 8.927319999999999922e+00 1.884174999999998334e+01 -3.357588896299994186e-02 6.519636560000011682e-01 -2.624492971800001032e-02
8.200000000000000000e+01 9.027319999999999567e+00 1.892488000000002657e+01 -3.592097304120001749e-02 6.548401310000003805e-01 -5.054179893599988933e-03
8.300000000000000000e+01 9.127320000000000988e+00 1.893740000000000734e+01 -3.607096020039996659e-02 6.552733500000000877e-01 2.865161114000001896e-02
8.400000000000000000e+01 9.227319999999998856e+00 1.894045000000002688e+01 -3.826268210600006214e-02 6.553789000000004306e-01 -6.943963733999997980e-03
8.500000000000000000e+01 9.327320000000000277e+00 1.889607999999997645e+01 -3.822646243939995664e-02 6.538436140000007946e-01 1.188613462600001010e-02
8.600000000000000000e+01 9.427319999999999922e+00 1.882580000000001164e+01 -3.875088230499998398e-02 6.514117659999995036e-01 1.494792555000001898e-03
8.700000000000000000e+01 9.527319999999999567e+00 1.879515000000001379e+01 -3.927175100699990817e-02 6.503512220000006172e-01 -3.320008859000001498e-03
8.800000000000000000e+01 9.627320000000000988e+00 1.876435000000002873e+01 -4.069036561974301996e-02 6.492854689999991713e-01 -2.737483400000041527e-04
8.900000000000000000e+01 9.727320000000000633e+00 1.878375000000001549e+01 -4.036829604300003899e-02 6.499567430000003920e-01 1.306715397300000150e-02
9.000000000000000000e+01 9.827320000000000277e+00 1.882579999999999387e+01 -4.098167550480005805e-02 6.514117559999997864e-01 2.107609364000004488e-03
9.100000000000000000e+01 9.927319999999999922e+00 1.884541000000001887e+01 -4.248007823159995200e-02 6.520903270000000251e-01 8.620461742000002509e-03
9.200000000000000000e+01 1.002731999999999957e+01 1.888034999999999641e+01 -4.236772299970004152e-02 6.532993050000005519e-01 -1.644822102999958383e-03
9.300000000000000000e+01 1.012731999999999921e+01 1.890767999999999560e+01 -4.353358976799999447e-02 6.542449800000008642e-01 5.462539436000005827e-03
9.400000000000000000e+01 1.022732000000000063e+01 1.886818000000000595e+01 -4.647727101940007238e-02 6.528782070000000992e-01 -2.377230911999996497e-03
9.500000000000000000e+01 1.032732000000000028e+01 1.884796000000000760e+01 -4.514279356168405394e-02 6.521785429999996664e-01 2.828225109999998443e-03
9.600000000000000000e+01 1.042731999999999992e+01 1.883434999999998638e+01 -4.606091471300000073e-02 6.517076089999992439e-01 -7.005748843999996638e-03
9.700000000000000000e+01 1.052731999999999957e+01 1.884998999999999469e+01 -4.782049048252992596e-02 6.522487840000008585e-01 1.918478559999999434e-03
9.800000000000000000e+01 1.062731999999999921e+01 1.883694000000000202e+01 -4.755624978250000412e-02 6.517972209999999267e-01 5.029806804000007577e-03
9.900000000000000000e+01 1.072732000000000063e+01 1.883595000000000041e+01 -4.968910433749997024e-02 6.517629659999991665e-01 -8.675111896000007802e-03
1.000000000000000000e+02 1.082732000000000028e+01 1.888443000000000893e+01 -5.066759090299999269e-02 6.534404779999991586e-01 -5.945598210999998579e-03
1.010000000000000000e+02 1.092731999999999992e+01 1.887314000000000647e+01 -5.056959137139992178e-02 6.530498280000005540e-01 -8.862836327999992422e-03
1.020000000000000000e+02 1.102731999999999957e+01 1.887348000000000070e+01 -5.138345420849994155e-02 6.530615880000001372e-01 -3.236859363999995860e-03
1.030000000000000000e+02 1.112731999999999921e+01 1.889356999999999687e+01 -5.134790707699997403e-02 6.537567420000004459e-01 1.443624206700000294e-02
1.040000000000000000e+02 1.122732000000000063e+01 1.886283000000002374e+01 -5.298451091299997279e-02 6.526930840000007006e-01 -8.441252096499986821e-04
1.050000000000000000e+02 1.132732000000000028e+01 1.886641999999999797e+01 -5.205448711619999058e-02 6.528173120000013707e-01 -1.316778622999999551e-02
1.060000000000000000e+02 1.142731999999999992e+01 1.887094000000000094e+01 -5.380690467400004590e-02 6.529737080000005411e-01 -1.717438100000024542e-04
1.070000000000000000e+02 1.152731999999999957e+01 1.888483000000000445e+01 -5.491478698000004655e-02 6.534543309999994998e-01 -1.388586474120001926e-02
1.080000000000000000e+02 1.162731999999999921e+01 1.887031000000000702e+01 -5.575288328199997506e-02 6.529519050000006652e-01 -1.320408243799999111e-02
1.090000000000000000e+02 1.172730999999999923e+01 1.886490999999999474e+01 -5.592950131999994273e-02 6.527650450000000992e-01 1.380718965999995886e-03
1.100000000000000000e+02 1.182731000000000066e+01 1.887394999999998646e+01 -5.725528688489996826e-02 6.530778509999997095e-01 4.925704660999993822e-03
1.110000000000000000e+02 1.192731000000000030e+01 1.887831999999999866e+01 -5.675662543400006310e-02 6.532290719999988005e-01 1.426821029700002345e-02
1.120000000000000000e+02 1.202730999999999995e+01 1.889299999999999358e+01 -5.788468501200001726e-02 6.537370239999998889e-01 -4.617122413999984881e-03
1.130000000000000000e+02 1.212730999999999959e+01 1.885197000000002276e+01 -5.836670959339005510e-02 6.523173019999995992e-01 1.510210999600000367e-02
1.140000000000000000e+02 1.222730999999999923e+01 1.890285999999998978e+01 -5.880245790900005126e-02 6.540782000000000540e-01 -4.802304805000010522e-03
1.150000000000000000e+02 1.232731000000000066e+01 1.889910999999999675e+01 -6.118494971490000961e-02 6.539484459999997945e-01 4.495389660000111880e-04
1.160000000000000000e+02 1.242731000000000030e+01 1.888191999999999382e+01 -6.157704152099996442e-02 6.533536140000005821e-01 3.462354694000010624e-03
1.170000000000000000e+02 1.252730999999999995e+01 1.884389000000000536e+01 -6.277322371340005036e-02 6.520377120000002691e-01 -1.539180455599997895e-02
1.180000000000000000e+02 1.262730999999999959e+01 1.887403999999996174e+01 -6.327031329699991935e-02 6.530809610000007925e-01 -1.574404449799995595e-03
1.190000000000000000e+02 1.272730999999999923e+01 1.888547000000001930e+01 -6.343676703550005236e-02 6.534764690000006704e-01 -5.436852884000005839e-03
1.200000000000000000e+02 1.282731000000000066e+01 1.886310000000003484e+01 -6.353965733599990784e-02 6.527024159999992303e-01 5.383441329999992704e-03
1.210000000000000000e+02 1.292731000000000030e+01 1.889092999999998312e+01 -6.518669972600002471e-02 6.536654099999993361e-01 -8.750553830000016306e-04
1.220000000000000000e+02 1.302730999999999995e+01 1.886764999999997983e+01 -6.480317125299994707e-02 6.528598360000005263e-01 4.322415021000000808e-03
1.230000000000000000e+02 1.312730999999999959e+01 1.888866999999997276e+01 -6.577930586226000964e-02 6.535871919999997059e-01 -3.475536275000000192e-03
1.240000000000000000e+02 1.322730999999999923e+01 1.885642000000001772e+01 -6.546287324900003368e-02 6.524712710000004634e-01 -9.705357069000003153e-03
1.250000000000000000e+02 1.332731000000000066e+01 1.888563999999998444e+01 -6.766864601500005572e-02 6.534823389999990795e-01 2.274928616999991309e-03
1.260000000000000000e+02 1.342731000000000030e+01 1.886178999999999917e+01 -6.663951837599998984e-02 6.526570979999993805e-01 -1.350868937899998325e-02
1.270000000000000000e+02 1.352730999999999995e+01 1.885284000000001114e+01 -6.958649969000003932e-02 6.523474090000003223e-01 -9.590863967000002460e-03
1.280000000000000000e+02 1.362730999999999959e+01 1.887764999999999205e+01 -6.863471482489998110e-02 6.532058870000002626e-01 -3.899978241999997423e-03
1.290000000000000000e+02 1.372730999999999923e+01 1.886170000000001323e+01 -6.823507328399996963e-02 6.526539680000006394e-01 7.226647765999984034e-03
1.300000000000000000e+02 1.382731000000000066e+01 1.887712000000000856e+01 -6.947765039709988266e-02 6.531875530000007535e-01 1.435785216100000233e-02
1.310000000000000000e+02 1.392731000000000030e+01 1.889612000000001046e+01 -7.068075768160002326e-02 6.538449869999999331e-01 -6.090893730399995695e-03
1.320000000000000000e+02 1.402730999999999995e+01 1.889159999999998618e+01 -7.109225175200009628e-02 6.536885780000002422e-01 2.725852848499988549e-03
1.330000000000000000e+02 1.412730999999999959e+01 1.888530000000000442e+01 -7.235258202499994518e-02 6.534705800000010223e-01 7.477884730499997912e-03
1.340000000000000000e+02 1.422730999999999923e+01 1.888426999999999367e+01 -7.227092487500007267e-02 6.534349480000003485e-01 1.415298066700002369e-02
1.350000000000000000e+02 1.432731000000000066e+01 1.888051000000002233e+01 -7.222934292138995238e-02 6.533048299999997255e-01 1.131931024750000743e-02
1.360000000000000000e+02 1.442731000000000030e+01 1.883819000000001864e+01 -7.431829779900001043e-02 6.518405010000000166e-01 6.388698580000006302e-03
1.370000000000000000e+02 1.452730999999999995e+01 1.886611999999999512e+01 -7.375948953399992514e-02 6.528069249999997048e-01 -2.624496686999996942e-02
1.380000000000000000e+02 1.462730999999999959e+01 1.886558999999999386e+01 -7.378750212339998948e-02 6.527885929999994730e-01 -1.810483670000000676e-03
1.390000000000000000e+02 1.472730999999999923e+01 1.886381999999999337e+01 -7.613887641140001938e-02 6.527273270000002459e-01 1.372822492299998615e-02
1.400000000000000000e+02 1.482731000000000066e+01 1.884909999999999641e+01 -7.476096415199999512e-02 6.522180079999990721e-01 -2.109349766399999659e-02
1.410000000000000000e+02 1.492731000000000030e+01 1.886910000000000309e+01 -7.632014754400008594e-02 6.529100360000001935e-01 -1.042068185300001545e-02
1.420000000000000000e+02 1.502730999999999995e+01 1.886348000000000269e+01 -7.587453222499997152e-02 6.527155850000005977e-01 -8.862657359100018298e-03
1.430000000000000000e+02 1.512730999999999959e+01 1.884988000000001662e+01 -7.695991924699989439e-02 6.522449940000001334e-01 3.984384505000000687e-03
1.440000000000000000e+02 1.522730999999999923e+01 1.887026999999999788e+01 -7.703460815500008663e-02 6.529505230000005600e-01 1.376517252800000223e-02
1.450000000000000000e+02 1.532731000000000066e+01 1.888152999999997661e+01 -7.674928050200004181e-02 6.533401420000000126e-01 4.875082432999993699e-03
1.460000000000000000e+02 1.542731000000000030e+01 1.884908999999999679e+01 -7.858012310999994143e-02 6.522176300000012139e-01 -3.736895768000006099e-03
1.470000000000000000e+02 1.552730999999999995e+01 1.882057999999999609e+01 -7.861704266309986477e-02 6.512311369999995714e-01 -2.713394375999999848e-03
1.480000000000000000e+02 1.562730999999999959e+01 1.886983000000002875e+01 -7.902731916899999320e-02 6.529353009999995239e-01 1.221929097600000548e-02
1.490000000000000000e+02 1.572730999999999923e+01 1.886023999999997613e+01 -7.961274392099992880e-02 6.526034649999997717e-01 -2.384645145999999757e-03
1.500000000000000000e+02 1.582731000000000066e+01 1.885197000000000855e+01 -8.032264519500009747e-02 6.523172779999990567e-01 -1.253032161999986186e-03
1.510000000000000000e+02 1.592731000000000030e+01 1.886323999999998335e+01 -8.099604533399998307e-02 6.527072739999996154e-01 -1.543320271700004617e-02
1.520000000000000000e+02 1.602730999999999995e+01 1.884811000000001613e+01 -7.994962532599997340e-02 6.521837290000005449e-01 5.354505027999995406e-03
1.530000000000000000e+02 1.612731000000000137e+01 1.887168000000001200e+01 -8.164728807479991468e-02 6.529993109999995271e-01 -1.554151871440000339e-02
1.540000000000000000e+02 1.622730999999999923e+01 1.887494999999996281e+01 -8.218856992980008713e-02 6.531124569999998686e-01 6.678206557000002444e-03
1.550000000000000000e+02 1.632731000000000066e+01 1.886652000000002261e+01 -8.290268093000002780e-02 6.528207529999995318e-01 2.923847319000002446e-03
1.560000000000000000e+02 1.642730999999999852e+01 1.886482999999999777e+01 -8.491577771899999627e-02 6.527622729999994489e-01 1.679730105899998951e-02
1.570000000000000000e+02 1.652730999999999995e+01 1.889176999999998330e+01 -8.460371872400009041e-02 6.536944660000001406e-01 1.016347125999998973e-03
1.580000000000000000e+02 1.662731000000000137e+01 1.886814000000001101e+01 -8.438676477000006670e-02 6.528768149999998327e-01 -9.491026600999985519e-03
1.590000000000000000e+02 1.672730999999999923e+01 1.884442999999998847e+01 -8.357776360099994362e-02 6.520563970000001763e-01 -5.316972866500001629e-03
1.600000000000000000e+02 1.682731000000000066e+01 1.886035999999998936e+01 -8.648815466999990043e-02 6.526076210000006927e-01 -1.038405941399998811e-02
1.610000000000000000e+02 1.692730999999999852e+01 1.882712000000000074e+01 -8.477270484599995493e-02 6.514574459999994405e-01 -8.534965458999994523e-03
1.620000000000000000e+02 1.702730999999999995e+01 1.883263999999999072e+01 -8.519532006600007146e-02 6.516484470000011298e-01 8.781730170000001667e-03
1.630000000000000000e+02 1.712731000000000137e+01 1.886424999999999130e+01 -8.607904688040005081e-02 6.527422179999993190e-01 -1.752420094399999989e-02
1.640000000000000000e+02 1.722730999999999923e+01 1.887206000000000472e+01 -8.654825072700005062e-02 6.530124590000002671e-01 -2.375700999932284162e-07
1.650000000000000000e+02 1.732731000000000066e+01 1.886151000000002398e+01 -8.744295920899992913e-02 6.526473940000007135e-01 5.491745393999998559e-03
1.660000000000000000e+02 1.742730999999999852e+01 1.885301999999997236e+01 -8.805471407399999284e-02 6.523536280000001852e-01 -1.272020277000003238e-03
1.670000000000000000e+02 1.752730999999999995e+01 1.887583999999996820e+01 -8.861409039999999793e-02 6.531432439999996786e-01 4.505874911999990275e-03
1.680000000000000000e+02 1.762731000000000137e+01 1.884746000000004784e+01 -8.988794671300004424e-02 6.521612459999996947e-01 -1.975794518899999172e-02
1.690000000000000000e+02 1.772731000000000279e+01 1.886061999999998307e+01 -8.903120364000000064e-02 6.526165980000001587e-01 6.493831867999998522e-03
1.700000000000000000e+02 1.782730999999999710e+01 1.885633999999999588e+01 -8.916646517950005402e-02 6.524685209999995239e-01 -2.400441701999998442e-02
1.710000000000000000e+02 1.792730999999999852e+01 1.886148999999999631e+01 -9.053202801699997138e-02 6.526467119999991295e-01 1.414951179000002550e-02
1.720000000000000000e+02 1.802730999999999995e+01 1.889614999999998801e+01 -9.056598488000004721e-02 6.538460150000012794e-01 7.736332866000019369e-03
1.730000000000000000e+02 1.812731000000000137e+01 1.887433999999998946e+01 -9.086446508300009828e-02 6.530913589999998159e-01 2.235102229999988335e-03
1.740000000000000000e+02 1.822731000000000279e+01 1.887735999999996395e+01 -9.024744237300003080e-02 6.531958609999999332e-01 4.575570911300001764e-03
1.750000000000000000e+02 1.832730999999999710e+01 1.886328999999999567e+01 -9.252960409299994249e-02 6.527089820000008258e-01 2.001044115100002012e-03
1.760000000000000000e+02 1.842730999999999852e+01 1.888411999999998514e+01 -9.149881328700000538e-02 6.534297580000001382e-01 -2.617804414799997093e-02
1.770000000000000000e+02 1.852730999999999995e+01 1.889901999999999305e+01 -9.229289597699995296e-02 6.539453199999999411e-01 1.298596430999999010e-02
1.780000000000000000e+02 1.862731000000000137e+01 1.886413000000001006e+01 -9.336086832400004865e-02 6.527380740000008341e-01 6.714955042135008038e-03
1.790000000000000000e+02 1.872731000000000279e+01 1.885474999999999568e+01 -9.333103437699986904e-02 6.524135050000002822e-01 1.587150043330000024e-02
1.800000000000000000e+02 1.882730999999999710e+01 1.887205000000001220e+01 -9.206570470190007793e-02 6.530121230000008881e-01 -9.778749360000008745e-03
1.810000000000000000e+02 1.892730999999999852e+01 1.884836000000001732e+01 -9.456774760000007107e-02 6.521923959999997855e-01 -1.470632072400003022e-02
1.820000000000000000e+02 1.902730999999999995e+01 1.884770000000001033e+01 -9.364565040599995283e-02 6.521695540000005398e-01 -5.376689434999991357e-03
1.830000000000000000e+02 1.912731000000000137e+01 1.887041000000000679e+01 -9.491734839159991777e-02 6.529553659999994819e-01 -2.201866246000001425e-03
1.840000000000000000e+02 1.922731000000000279e+01 1.888831999999996825e+01 -9.558338004400003529e-02 6.535750700000007019e-01 -2.522318185000005288e-03
1.850000000000000000e+02 1.932730999999999710e+01 1.886044999999999305e+01 -9.524615944999993700e-02 6.526107280000007504e-01 1.044208161000000773e-02
1.860000000000000000e+02 1.942730999999999852e+01 1.886198000000002040e+01 -9.638418176599994336e-02 6.526636819999995787e-01 7.049447319999837310e-04
1.870000000000000000e+02 1.952730999999999995e+01 1.885313000000002148e+01 -9.732163662069989729e-02 6.523574399999998441e-01 -7.488165706000005604e-03
1.880000000000000000e+02 1.962731000000000137e+01 1.882024000000001962e+01 -9.694257000000001956e-02 6.512193770000010984e-01 1.262398048799999797e-02
1.890000000000000000e+02 1.972731000000000279e+01 1.881836000000000197e+01 -9.802992844899996450e-02 6.511543269999989780e-01 -1.140916577499999709e-02
1.900000000000000000e+02 1.982730999999999710e+01 1.881537000000001214e+01 -9.603956711199992946e-02 6.510508879999993281e-01 4.162050848999986237e-03
1.910000000000000000e+02 1.992730999999999852e+01 1.882924999999996984e+01 -9.768502981790004591e-02 6.515311279999995708e-01 7.995676389999953294e-04
1.920000000000000000e+02 2.002730999999999995e+01 1.882504000000002264e+01 -9.807090437500007307e-02 6.513854770000003791e-01 -5.600362774999984548e-03
1.930000000000000000e+02 2.012731000000000137e+01 1.884737000000000151e+01 -9.717205864520002401e-02 6.521581270000000874e-01 6.587213435999997140e-03
1.940000000000000000e+02 2.022731000000000279e+01 1.884681000000001205e+01 -1.001914991319999559e-01 6.521387350000016347e-01 -1.821416860700000862e-02
1.950000000000000000e+02 2.032730999999999710e+01 1.882322000000003115e+01 -9.799024369660004619e-02 6.513225049999995520e-01 4.312693999999998862e-03
1.960000000000000000e+02 2.042730999999999852e+01 1.882270000000000820e+01 -9.942804459900002334e-02 6.513044799999999634e-01 1.376393926999992887e-03
1.970000000000000000e+02 2.052730999999999995e+01 1.885685000000001210e+01 -9.897828819339996032e-02 6.524861529999995691e-01 -7.870817088000005290e-03
1.980000000000000000e+02 2.062731000000000137e+01 1.882244999999999635e+01 -9.985013863999987749e-02 6.512958559999993957e-01 8.402850239000001983e-03
1.990000000000000000e+02 2.072731000000000279e+01 1.884863000000001065e+01 -9.922274141030010264e-02 6.522017250000002875e-01 6.583926549999997296e-03
2.000000000000000000e+02 2.082730999999999710e+01 1.884945999999996147e+01 -1.001317286960000247e-01 6.522304499999999061e-01 -1.756319063830001984e-02
2.010000000000000000e+02 2.092730999999999852e+01 1.881736999999997551e+01 -9.987785088030000369e-02 6.511200670000002466e-01 1.823250161000000702e-02
2.020000000000000000e+02 2.102730999999999995e+01 1.881236000000000885e+01 -1.009593062470000441e-01 6.509467140000002594e-01 -8.017257116999987679e-03
2.030000000000000000e+02 2.112731000000000137e+01 1.884487000000001089e+01 -1.017585253020000247e-01 6.520716379999996759e-01 -1.036166799399998797e-02
2.040000000000000000e+02 2.122731000000000279e+01 1.880984000000002609e+01 -1.006168472800000047e-01 6.508595099999995304e-01 -1.394155676000000295e-02
2.050000000000000000e+02 2.132730999999999710e+01 1.878681000000000267e+01 -1.013308445700000782e-01 6.500626359999998050e-01 6.054147443000000572e-03
2.060000000000000000e+02 2.142730999999999852e+01 1.879857999999998341e+01 -1.019204880379999401e-01 6.504699080000000411e-01 1.653477016800000005e-02
2.070000000000000000e+02 2.152730999999999995e+01 1.880376000000000403e+01 -1.024917375499999617e-01 6.506491399999999592e-01 -1.963686189600000187e-02
2.080000000000000000e+02 2.162731000000000137e+01 1.881667999999998386e+01 -1.019808383770001159e-01 6.510961979999995153e-01 1.008234354399999144e-02
2.090000000000000000e+02 2.172731000000000279e+01 1.881658000000004805e+01 -1.023796391650001192e-01 6.510927370000000325e-01 1.340269383300000082e-02
2.100000000000000000e+02 2.182730999999999710e+01 1.879989000000003330e+01 -1.028888637999999661e-01 6.505152229999990876e-01 -2.421078521600005494e-03
2.110000000000000000e+02 2.192730999999999852e+01 1.879720000000001079e+01 -1.031021233640000562e-01 6.504221189999996877e-01 -2.323648679760001792e-02
2.120000000000000000e+02 2.202730999999999995e+01 1.881947000000000259e+01 -1.032606209916998308e-01 6.511927319999998298e-01 1.984812649200000390e-02
2.130000000000000000e+02 2.212731000000000137e+01 1.879752999999997698e+01 -1.040888726319999236e-01 6.504335719999989607e-01 3.750750541999971124e-03
2.140000000000000000e+02 2.222731000000000279e+01 1.880296999999998064e+01 -1.036178888599999792e-01 6.506218040000000258e-01 -1.434711607999999972e-02
2.150000000000000000e+02 2.232730999999999710e+01 1.880150999999999328e+01 -1.047439430099999930e-01 6.505712749999998934e-01 2.386413576700012387e-03
2.160000000000000000e+02 2.242730999999999852e+01 1.878211999999999904e+01 -1.043024758860000845e-01 6.499003490000002659e-01 -1.224359593030000318e-02
2.170000000000000000e+02 2.252730999999999995e+01 1.878587000000001694e+01 -1.045666622000000628e-01 6.500301120000011590e-01 -2.613161661000003126e-03
2.180000000000000000e+02 2.262731000000000137e+01 1.876833999999997360e+01 -1.044836269999999262e-01 6.494235359999998014e-01 7.916707895500004269e-03
2.190000000000000000e+02 2.272731000000000279e+01 1.880708999999997388e+01 -1.044107324050000396e-01 6.507643570000002375e-01 -3.071467888799960314e-03
2.200000000000000000e+02 2.282730999999999710e+01 1.881142000000001602e+01 -1.064830716449999826e-01 6.509141990000000266e-01 -8.692109294999996599e-03
2.210000000000000000e+02 2.292730999999999852e+01 1.878987999999997882e+01 -1.057310276014000322e-01 6.501688530000004906e-01 -3.083745159999996908e-03
2.220000000000000000e+02 2.302730999999999995e+01 1.878913000000000366e+01 -1.060386881599997833e-01 6.501429129999992673e-01 1.130709202899999460e-02
2.230000000000000000e+02 2.312731000000000137e+01 1.878954000000002367e+01 -1.054132165900000667e-01 6.501570939999996579e-01 9.666535848000000486e-03
2.240000000000000000e+02 2.322731000000000279e+01 1.877034999999999343e+01 -1.069573906800000557e-01 6.494930720000002822e-01 6.958663758999997749e-03
2.250000000000000000e+02 2.332730999999999710e+01 1.875133999999999190e+01 -1.069538365110000028e-01 6.488353050000015276e-01 8.062101256000013191e-03
2.260000000000000000e+02 2.342730999999999852e+01 1.877483000000002633e+01 -1.079620742599999988e-01 6.496480969999998134e-01 -6.290449138000001224e-03
2.270000000000000000e+02 2.352730999999999995e+01 1.877553999999997814e+01 -1.080635126720002476e-01 6.496726580000000695e-01 1.140486242000000178e-02
2.280000000000000000e+02 2.362731000000000137e+01 1.881061000000003247e+01 -1.071952682060000606e-01 6.508861509999999129e-01 2.838846148000040187e-04
2.290000000000000000e+02 2.372731000000000279e+01 1.879374000000000322e+01 -1.069661074486999153e-01 6.503024239999997125e-01 -1.379341355000000130e-02
2.300000000000000000e+02 2.382730999999999710e+01 1.879438999999999638e+01 -1.081959195479999664e-01 6.503249190000000013e-01 -5.591447096000005945e-03
2.310000000000000000e+02 2.392730999999999852e+01 1.879218000000000188e+01 -1.092419821200000807e-01 6.502484520000004764e-01 -1.605793472999999735e-02
2.320000000000000000e+02 2.402730999999999995e+01 1.879645999999996775e+01 -1.091381623439998810e-01 6.503965460000002974e-01 9.929034127999992326e-03
2.330000000000000000e+02 2.412731000000000137e+01 1.876705999999996877e+01 -1.082733158200000351e-01 6.493792409999995519e-01 -1.369860778999999924e-02
2.340000000000000000e+02 2.422731000000000279e+01 1.873184000000001248e+01 -1.100885271300000579e-01 6.481605429999997003e-01 1.521297302000001322e-02
2.350000000000000000e+02 2.432730999999999710e+01 1.877942000000000888e+01 -1.089967159860000256e-01 6.498069350000010846e-01 1.678072588600000234e-02
2.360000000000000000e+02 2.442730999999999852e+01 1.876233999999998758e+01 -1.096452882459998945e-01 6.492159080000015070e-01 7.000986499999994374e-03
2.370000000000000000e+02 2.452730999999999995e+01 1.876136000000003889e+01 -1.104286117109998938e-01 6.491819869999999604e-01 1.819551366599998082e-02
2.380000000000000000e+02 2.462731000000000137e+01 1.875761999999998864e+01 -1.100127414700001333e-01 6.490526060000000319e-01 6.366165215000003062e-03
2.390000000000000000e+02 2.472731000000000279e+01 1.877171000000002721e+01 -1.104218988740000851e-01 6.495401460000002070e-01 4.486600422999985176e-03
2.400000000000000000e+02 2.482730999999999710e+01 1.878705999999999321e+01 -1.111037883300000084e-01 6.500712849999998877e-01 -8.841930429000001770e-03
2.410000000000000000e+02 2.492730999999999852e+01 1.879515000000002445e+01 -1.090782535700001166e-01 6.503512129999999836e-01 6.755605256860003349e-03
2.420000000000000000e+02 2.502730999999999995e+01 1.877821000000002272e+01 -1.100662855120000255e-01 6.497650599999997834e-01 -2.049874439999983420e-04
2.430000000000000000e+02 2.512731000000000137e+01 1.876403000000001953e+01 -1.100086212400001179e-01 6.492743779999989862e-01 -2.234185972999998618e-02
2.440000000000000000e+02 2.522731000000000279e+01 1.875380999999998011e+01 -1.118582848429000715e-01 6.489207720000004231e-01 6.207573399999999353e-03
2.450000000000000000e+02 2.532730999999999710e+01 1.874459000000000231e+01 -1.107266719599999116e-01 6.486017400000011479e-01 5.985227319700010470e-03
2.460000000000000000e+02 2.542730999999999852e+01 1.875919999999998922e+01 -1.134516755380000214e-01 6.491072620000003512e-01 8.001347334999997160e-03
2.470000000000000000e+02 2.552730999999999995e+01 1.878201000000000320e+01 -1.097440045070000036e-01 6.498965210000002823e-01 -7.539678842999998978e-03
2.480000000000000000e+02 2.562731000000000137e+01 1.877625999999998996e+01 -1.107520061050000226e-01 6.496975620000002838e-01 1.547077639739995701e-02
2.490000000000000000e+02 2.572731000000000279e+01 1.880138999999998006e+01 -1.118219957460000052e-01 6.505671260000002176e-01 2.849425196999990587e-03
2.500000000000000000e+02 2.582730999999999710e+01 1.878143999999998570e+01 -1.127264364490000309e-01 6.498768109999998321e-01 -3.079278146000003283e-02
2.510000000000000000e+02 2.592730999999999852e+01 1.876793999999997098e+01 -1.112098437550000651e-01 6.494096940000001483e-01 -5.791769472000013073e-04
2.520000000000000000e+02 2.602730999999999995e+01 1.877222999999998976e+01 -1.110983817620000702e-01 6.495581269999995966e-01 1.481444541700000297e-02
2.530000000000000000e+02 2.612731000000000137e+01 1.875234999999999985e+01 -1.114399668599998644e-01 6.488702429999994026e-01 3.519117573000005508e-03
2.540000000000000000e+02 2.622731000000000279e+01 1.873824999999997942e+01 -1.115897207320000473e-01 6.483823520000008278e-01 -3.435431137000014706e-03
2.550000000000000000e+02 2.632730999999999710e+01 1.876607000000000269e+01 -1.118188043500000783e-01 6.493449910000004266e-01 -3.695167500000009239e-04
2.560000000000000000e+02 2.642730999999999852e+01 1.879481999999999431e+01 -1.121282831930000834e-01 6.503397840000001429e-01 8.626665139999999815e-03
2.570000000000000000e+02 2.652730999999999995e+01 1.877156000000001157e+01 -1.112384188750000363e-01 6.495349440000000030e-01 -4.202714459999991846e-03
2.580000000000000000e+02 2.662731000000000137e+01 1.876310999999999396e+01 -1.128605260849999126e-01 6.492425660000009646e-01 5.884852703000011814e-03
2.590000000000000000e+02 2.672731000000000279e+01 1.875663999999999731e+01 -1.112249682400001938e-01 6.490186820000001244e-01 -1.867732498513999251e-02
2.600000000000000000e+02 2.682730999999999710e+01 1.879173999999998657e+01 -1.114988426790000514e-01 6.502332209999998058e-01 2.433060608000005287e-03
2.610000000000000000e+02 2.692730999999999852e+01 1.873338999999999999e+01 -1.119277330970001316e-01 6.482141850000008310e-01 -2.217728926700001865e-02
2.620000000000000000e+02 2.702730999999999995e+01 1.872813000000001793e+01 -1.129550526200002181e-01 6.480321630000006605e-01 -2.165059234000009467e-03
2.630000000000000000e+02 2.712731000000000137e+01 1.874657000000000906e+01 -1.113163264133001373e-01 6.486702400000002866e-01 3.817285992000002230e-03
2.640000000000000000e+02 2.722731000000000279e+01 1.874207999999999785e+01 -1.108782400030001308e-01 6.485148749999996021e-01 2.282730310099998980e-02
2.650000000000000000e+02 2.732730999999999710e+01 1.877128000000000441e+01 -1.124523638260001707e-01 6.495252630000003524e-01 -9.392947919999988099e-03
2.660000000000000000e+02 2.742730999999999852e+01 1.875574999999997416e+01 -1.118711067439999984e-01 6.489878960000008412e-01 -2.086289880999998066e-03
2.670000000000000000e+02 2.752730999999999995e+01 1.876420000000002020e+01 -1.137806887530001254e-01 6.492802859999996512e-01 1.267531893000028434e-03
2.680000000000000000e+02 2.762731000000000137e+01 1.875051999999998387e+01 -1.130061146979999820e-01 6.488069169999992614e-01 -1.258971465000000966e-03
2.690000000000000000e+02 2.772731000000000279e+01 1.875909999999997524e+01 -1.115766126160000760e-01 6.491038039999998954e-01 3.802636326000005066e-03
2.700000000000000000e+02 2.782730999999999710e+01 1.878299000000002650e+01 -1.126098277950001031e-01 6.499304419999994975e-01 -5.522224400000008433e-04
2.710000000000000000e+02 2.792730999999999852e+01 1.877334999999998644e+01 -1.136617754230001137e-01 6.495968869999994011e-01 1.050207809999998548e-03
2.720000000000000000e+02 2.802730999999999995e+01 1.875284999999999869e+01 -1.144295612280000901e-01 6.488875380000008741e-01 1.990061976999997831e-03
2.730000000000000000e+02 2.812731000000000137e+01 1.877206000000002817e+01 -1.137495341989998993e-01 6.495522449999995285e-01 -1.051863221000004164e-02
2.740000000000000000e+02 2.822731000000000279e+01 1.874929000000000912e+01 -1.147536887027000851e-01 6.487643519999990449e-01 1.330634158999988549e-03
2.750000000000000000e+02 2.832730999999999710e+01 1.877190000000003423e+01 -1.138421527399999522e-01 6.495467039999994752e-01 1.436965979699998848e-02
2.760000000000000000e+02 2.842730999999999852e+01 1.875431000000000026e+01 -1.146759562456000914e-01 6.489380549999993475e-01 -7.767273106399993736e-03
2.770000000000000000e+02 2.852730999999999995e+01 1.875637000000001464e+01 -1.128905658999999201e-01 6.490093440000003211e-01 -4.484251017000004565e-03
2.780000000000000000e+02 2.862731000000000137e+01 1.872800999999998695e+01 -1.145042624199999887e-01 6.480280269999993958e-01 5.996810662000019894e-03
2.790000000000000000e+02 2.872731000000000279e+01 1.873227999999997806e+01 -1.136222381319998559e-01 6.481757830000012266e-01 5.988697697000004878e-03
2.800000000000000000e+02 2.882730999999999710e+01 1.876427999999999585e+01 -1.139346141150000408e-01 6.492830319999998157e-01 3.071179648099998417e-03
2.810000000000000000e+02 2.892730999999999852e+01 1.873422999999997884e+01 -1.141485935919999556e-01 6.482432470000011326e-01 8.938230820000010735e-03
2.820000000000000000e+02 2.902730999999999995e+01 1.875105000000002775e+01 -1.135129681809998597e-01 6.488252609999994869e-01 1.144931681000001603e-02
2.830000000000000000e+02 2.912731000000000137e+01 1.874806999999999135e+01 -1.149255538970000018e-01 6.487221489999996926e-01 8.009823221000016147e-03
2.840000000000000000e+02 2.922731000000000279e+01 1.874476999999996352e+01 -1.143547880857000015e-01 6.486079759999996419e-01 -1.032808569000000405e-02
2.850000000000000000e+02 2.932730999999999710e+01 1.874514999999998111e+01 -1.162314349039999944e-01 6.486211139999998876e-01 -3.647583116000009760e-03
2.860000000000000000e+02 2.942730999999999852e+01 1.874953000000002135e+01 -1.132172192640001351e-01 6.487726579999992804e-01 1.333068799000001765e-03
2.870000000000000000e+02 2.952730999999999995e+01 1.876397000000001469e+01 -1.161072610000000033e-01 6.492723190000005973e-01 -1.250047611800002463e-02
2.880000000000000000e+02 2.962731000000000137e+01 1.875499000000002781e+01 -1.149912208679999132e-01 6.489615980000001949e-01 -1.249945757000000927e-02
2.890000000000000000e+02 2.972731000000000279e+01 1.874963000000000335e+01 -1.148244493650001086e-01 6.487761300000004505e-01 -1.053735282289999103e-02
2.900000000000000000e+02 2.982730999999999710e+01 1.877796000000000731e+01 -1.169135593150000402e-01 6.497564179999998357e-01 -4.133206689999996647e-04
2.910000000000000000e+02 2.992730999999999852e+01 1.870258000000000820e+01 -1.153458176743999419e-01 6.471480749999998228e-01 -1.341166363999993748e-03
2.920000000000000000e+02 3.002730999999999995e+01 1.872923999999998657e+01 -1.157727622563000380e-01 6.480705799999999517e-01 4.248740201000005684e-03
2.930000000000000000e+02 3.012731000000000137e+01 1.873861999999998673e+01 -1.161893530906000782e-01 6.483951699999994656e-01 -2.275964017000001779e-03
2.940000000000000000e+02 3.022731000000000279e+01 1.875102999999999653e+01 -1.154714319469999501e-01 6.488245769999982926e-01 3.994087199999863031e-05
2.950000000000000000e+02 3.032730999999999710e+01 1.874698999999998961e+01 -1.163547490524499545e-01 6.486847909999999828e-01 4.336674877000006902e-03
2.960000000000000000e+02 3.042730999999999852e+01 1.875191999999998771e+01 -1.154979182829999479e-01 6.488553679999998769e-01 -5.441621558599998507e-03
2.970000000000000000e+02 3.052730999999999995e+01 1.875926000000001892e+01 -1.170586291400000367e-01 6.491093300000003730e-01 2.161198311500001773e-02
2.980000000000000000e+02 3.062731000000000137e+01 1.873105999999998161e+01 -1.164628921710000597e-01 6.481335529999996403e-01 1.608584264799999691e-02
2.990000000000000000e+02 3.072731000000000279e+01 1.873897000000000190e+01 -1.175089162980001711e-01 6.484072729999995621e-01 6.572099218999993137e-03
3.000000000000000000e+02 3.082730999999999710e+01 1.877281999999997808e+01 -1.156832289984001116e-01 6.495785500000000878e-01 -4.480319425000003040e-03
3.010000000000000000e+02 3.092730999999999852e+01 1.874495999999999896e+01 -1.159246095909997609e-01 6.486145350000005472e-01 -1.685932082599999465e-02
3.020000000000000000e+02 3.102730999999999995e+01 1.876900000000002322e+01 -1.174682247489999554e-01 6.494463649999991928e-01 -6.682439190000005616e-04
3.030000000000000000e+02 3.112731000000000137e+01 1.875164000000000897e+01 -1.174215880760001024e-01 6.488456809999995079e-01 2.901465997999997520e-03
3.040000000000000000e+02 3.122731000000000279e+01 1.871838000000000335e+01 -1.170285733670001216e-01 6.476948080000006769e-01 7.809281010000006414e-03
3.050000000000000000e+02 3.132730999999999710e+01 1.875274000000001706e+01 -1.165227815893000035e-01 6.488837340000009890e-01 4.439327949999994326e-03
3.060000000000000000e+02 3.142730999999999852e+01 1.877673000000001835e+01 -1.172731393850000164e-01 6.497138400000000980e-01 -1.293344075140001083e-02
3.070000000000000000e+02 3.152730999999999995e+01 1.876122999999999763e+01 -1.179207805080002003e-01 6.491775199999999524e-01 1.867840813000006678e-03
3.080000000000000000e+02 3.162731000000000137e+01 1.877298999999998941e+01 -1.172440232555000544e-01 6.495844320000003780e-01 2.807695606100002808e-02
3.090000000000000000e+02 3.172731000000000279e+01 1.877184999999999704e+01 -1.180881180220000326e-01 6.495449770000009115e-01 -7.461657020000013810e-03
3.100000000000000000e+02 3.182730999999999710e+01 1.877376000000001355e+01 -1.182338324659999718e-01 6.496110780000006191e-01 -3.078170798999992769e-03
3.110000000000000000e+02 3.192730999999999852e+01 1.878165999999998448e+01 -1.167083504569999819e-01 6.498844009999996674e-01 1.448056920999941162e-04
3.120000000000000000e+02 3.202730999999999995e+01 1.876066000000000500e+01 -1.175713439709999281e-01 6.491577889999990969e-01 -3.955302190000000925e-03
3.130000000000000000e+02 3.212731000000000137e+01 1.871416000000000324e+01 -1.159648566300000155e-01 6.475487780000003246e-01 -5.294465167000009242e-03
3.140000000000000000e+02 3.222731000000000279e+01 1.873305000000000575e+01 -1.172255155430000223e-01 6.482024219999998893e-01 7.386827130000002406e-03
3.150000000000000000e+02 3.232730999999999710e+01 1.870172000000000523e+01 -1.185528225803999941e-01 6.471183249999992171e-01 7.257426919999996522e-04
3.160000000000000000e+02 3.242730999999999852e+01 1.872062000000000381e+01 -1.185078465889999044e-01 6.477723159999999591e-01 -2.588599770000080862e-04
3.170000000000000000e+02 3.252730999999999995e+01 1.876673000000000258e+01 -1.177963090380001049e-01 6.493678109999998505e-01 2.103632518000000604e-02
3.180000000000000000e+02 3.262731000000000137e+01 1.881464000000000780e+01 -1.166414130360000218e-01 6.510255980000013709e-01 -1.247015243899998391e-02
3.190000000000000000e+02 3.272731000000000279e+01 1.880401999999999063e+01 -1.194857497969998295e-01 6.506581370000009690e-01 -1.201116046760001069e-02
3.200000000000000000e+02 3.282730999999999710e+01 1.881093999999997379e+01 -1.193788912169998495e-01 6.508975860000001390e-01 1.791159663140000358e-02
3.210000000000000000e+02 3.292730999999999852e+01 1.879491000000001932e+01 -1.192816187400001504e-01 6.503429129999993563e-01 2.824244040999990355e-03
3.220000000000000000e+02 3.302730999999999995e+01 1.873034999999998718e+01 -1.181662426100000690e-01 6.481089970000009082e-01 1.587449890999998933e-02
3.230000000000000000e+02 3.312731000000000137e+01 1.866645000000001176e+01 -1.181333003730000719e-01 6.458979269999997053e-01 -7.288968167000014348e-03
3.240000000000000000e+02 3.322731000000000279e+01 1.864957000000001841e+01 -1.190780493839999205e-01 6.453138350000008350e-01 -5.159280160000001558e-03
3.250000000000000000e+02 3.332730999999999710e+01 1.864622000000002444e+01 -1.201984736799999731e-01 6.451979189999994535e-01 4.622122324000017130e-03
3.260000000000000000e+02 3.342730999999999852e+01 1.873740000000003647e+01 -1.203536220839999948e-01 6.483529410000000714e-01 -1.120399785979998321e-02
3.270000000000000000e+02 3.352730999999999995e+01 1.882503999999996935e+01 -1.188549868150001187e-01 6.513854630000006640e-01 -1.524084564000000117e-03
3.280000000000000000e+02 3.362731000000000137e+01 1.892188000000001225e+01 -1.202571605191000842e-01 6.547363280000003671e-01 7.684669662000011107e-03
3.290000000000000000e+02 3.372731000000000279e+01 1.898066999999997506e+01 -1.192343450529999432e-01 6.567706010000002870e-01 -1.520176401000004722e-03
3.300000000000000000e+02 3.382731000000000421e+01 1.892366999999998711e+01 -1.206312561867999983e-01 6.547982629999999915e-01 6.516020596999999755e-03
3.310000000000000000e+02 3.392730999999999852e+01 1.879420000000001778e+01 -1.203052262890001445e-01 6.503183339999992763e-01 1.723164979999995119e-03
3.320000000000000000e+02 3.402730999999999995e+01 1.863499999999997669e+01 -1.208129808920000714e-01 6.448096929999997950e-01 -6.254240101299989550e-03
3.330000000000000000e+02 3.412731000000000137e+01 1.852507000000002435e+01 -1.208869946620001329e-01 6.410058710000003934e-01 1.474760940559999983e-02
3.340000000000000000e+02 3.422731000000000279e+01 1.849125000000000796e+01 -1.213188605169999990e-01 6.398356390000001781e-01 -2.070476214510000301e-02
3.350000000000000000e+02 3.432731000000000421e+01 1.855751999999998603e+01 -1.210041315896001196e-01 6.421287259999998165e-01 -1.026778605199999556e-02
3.360000000000000000e+02 3.442730999999999852e+01 1.873638000000000048e+01 -1.193738206750000891e-01 6.483176660000005143e-01 1.453657427299997855e-02
3.370000000000000000e+02 3.452730999999999995e+01 1.898198000000000008e+01 -1.222807116609999911e-01 6.568159359999997671e-01 -8.627639915999999257e-03
3.380000000000000000e+02 3.462731000000000137e+01 1.914616000000000184e+01 -1.217756991069998546e-01 6.624968829999993147e-01 1.356937150000036652e-04
3.390000000000000000e+02 3.472731000000000279e+01 1.916752000000001388e+01 -1.205430365249999802e-01 6.632359779999991156e-01 1.226725126999999270e-02
3.400000000000000000e+02 3.482731000000000421e+01 1.899981999999998550e+01 -1.212975610119999548e-01 6.574332360000003650e-01 -1.219822101199999516e-02
3.410000000000000000e+02 3.492730999999999852e+01 1.867873999999997281e+01 -1.215378253340000519e-01 6.463231729999998620e-01 -1.776686038049998112e-02
3.420000000000000000e+02 3.502730999999999995e+01 1.832529000000002384e+01 -1.222852081283999637e-01 6.340930890000009423e-01 -4.421343229999960046e-04
3.430000000000000000e+02 3.512731000000000137e+01 1.809764999999999446e+01 -1.221702313800999418e-01 6.262162630000004393e-01 5.658877461999994342e-03
3.440000000000000000e+02 3.522731000000000279e+01 1.808810999999999680e+01 -1.216260879899999647e-01 6.258861540000005830e-01 2.231074142999998899e-02
3.450000000000000000e+02 3.532731000000000421e+01 1.839005999999997343e+01 -1.223438221427999850e-01 6.363342579999999860e-01 1.705097984000000094e-02
3.460000000000000000e+02 3.542730999999999852e+01 1.884051000000000187e+01 -1.225615178369999364e-01 6.519207489999999661e-01 -7.157157051999997119e-03
3.470000000000000000e+02 3.552730999999999995e+01 1.933921000000002266e+01 -1.223997657689998575e-01 6.691768139999990650e-01 -6.453516441000011102e-03
3.480000000000000000e+02 3.562731000000000137e+01 1.962100000000001643e+01 -1.213442839850001204e-01 6.789273330000004103e-01 -7.587630381999998196e-03
3.490000000000000000e+02 3.572731000000000279e+01 1.942427000000002479e+01 -1.227667231933000230e-01 6.721200679999983496e-01 -1.170698069999996649e-03
3.500000000000000000e+02 3.582731000000000421e+01 1.880786000000000868e+01 -1.231833423079999323e-01 6.507910140000000565e-01 -3.386172417000001163e-03
3.510000000000000000e+02 3.592730999999999852e+01 1.794693999999998013e+01 -1.213305163400000553e-01 6.210013760000007155e-01 4.448223093700002032e-03
3.520000000000000000e+02 3.602730999999999995e+01 1.722967000000001647e+01 -1.225493939679998118e-01 5.961823550000003857e-01 7.925981278999998797e-03
3.530000000000000000e+02 3.612731000000000137e+01 1.696327999999999037e+01 -1.209858696080001045e-01 5.869646989999999231e-01 1.323225933550000420e-02
3.540000000000000000e+02 3.622731000000000279e+01 1.713644000000000744e+01 -1.232417270929997977e-01 5.929563819999996710e-01 -1.326105007989995983e-02
3.550000000000000000e+02 3.632731000000000421e+01 1.778422000000000835e+01 -1.230283135069999978e-01 6.153709290000002330e-01 -6.711710050999983822e-03
3.560000000000000000e+02 3.642730999999999852e+01 1.880372000000001265e+01 -1.218529861150000337e-01 6.506477499999995251e-01 -1.532254940300000270e-02
3.570000000000000000e+02 3.652730999999999995e+01 1.983417999999998926e+01 -1.238331203970000349e-01 6.863037829999995010e-01 7.406359287999996627e-03
3.580000000000000000e+02 3.662731000000000137e+01 2.042705999999996536e+01 -1.221517846650000405e-01 7.068186839999995863e-01 9.661310083000002047e-03
3.590000000000000000e+02 3.672731000000000279e+01 1.954825000000001722e+01 -1.221757270710001342e-01 6.764100249999998038e-01 -9.359017971999996841e-03
3.600000000000000000e+02 3.682731000000000421e+01 1.712460000000001514e+01 -1.241758983179999942e-01 5.925467069999994507e-01 -6.940430300000008379e-03
3.610000000000000000e+02 3.692730999999999852e+01 1.487311000000001115e+01 -1.243891034919998584e-01 5.146404819999995661e-01 -4.497578595010009485e-03
3.620000000000000000e+02 3.702730999999999995e+01 1.378657000000000288e+01 -1.249643134159997837e-01 4.770439409999999714e-01 7.783113555999980789e-03
3.630000000000000000e+02 3.712731000000000137e+01 1.365407999999999689e+01 -1.232535426817999991e-01 4.724595040000004187e-01 1.256765829999991011e-03
3.640000000000000000e+02 3.722731000000000279e+01 1.413946000000000325e+01 -1.245311358630000198e-01 4.892546520000001786e-01 1.792348775899999663e-02
3.650000000000000000e+02 3.732731000000000421e+01 1.513167999999999935e+01 -1.259813314569999676e-01 5.235875269999999970e-01 -6.543199207000006956e-03
3.660000000000000000e+02 3.742730999999999852e+01 1.652879999999999328e+01 -1.241709897739999707e-01 5.719307949999987706e-01 -2.632192849999999851e-03
3.670000000000000000e+02 3.752730999999999995e+01 1.818399999999999395e+01 -1.250422544349999721e-01 6.292041450000003255e-01 -5.491837494000010450e-03
3.680000000000000000e+02 3.762731000000000137e+01 2.006534000000000972e+01 -1.261507020919998556e-01 6.943024300000002480e-01 -1.996684794000006674e-03
3.690000000000000000e+02 3.772731000000000279e+01 2.206314000000002551e+01 -1.250143852970000968e-01 7.634304439999994862e-01 8.325473410000007804e-03
3.700000000000000000e+02 3.782731000000000421e+01 5.556380000000003427e+00 -1.267520936999999293e-01 1.922622779999996478e-01 -1.573581679399998351e-02
